%time,field.x,field.y,field.z
1510673094061387062,0.566275966644,-0.014127779007,0.0
1510673094067181110,0.566443977356,-0.0138844881058,0.0
1510673094071147918,0.566571212769,-0.0137202177048,0.0
1510673094073515892,0.565812656403,-0.0142853918076,0.0
1510673094082449913,0.564897636414,-0.0150637102127,0.0
1510673094083843946,0.56423072052,-0.0156487970352,0.0
1510673094088071107,0.56445526123,-0.0155989952087,0.0
1510673094094935894,0.564629989624,-0.0154277410507,0.0
1510673094098558902,0.564902980804,-0.0150732707977,0.0
1510673094102890014,0.563885635376,-0.0143431434631,0.0
1510673094108051061,0.563130550385,-0.0136318492889,0.0
1510673094113970041,0.562393959045,-0.0131241559982,0.0
1510673094120106935,0.562072013855,-0.0132319068909,0.0
1510673094128935098,0.561900863647,-0.0131652832031,0.0
1510673094129390954,0.561636627197,-0.013306930542,0.0
1510673094135658979,0.56329957962,-0.0136379156113,0.0
1510673094138566970,0.56470941925,-0.0139123296738,0.0
1510673094144772052,0.56609740448,-0.0142806358337,0.0
1510673094153492927,0.568948530197,-0.014056312561,0.0
1510673094158303022,0.571323413849,-0.0139346847534,0.0
1510673094158870935,0.573425556183,-0.0137741518021,0.0
1510673094163405895,0.575073810577,-0.0134558992386,0.0
1510673094169095039,0.576189069748,-0.0132787885666,0.0
1510673094173028945,0.577217769623,-0.0128831348419,0.0
1510673094179311037,0.578070537567,-0.0126121673584,0.0
1510673094191557884,0.578688970566,-0.0109641895294,0.0
1510673094192706108,0.57896812439,-0.00943091583252,0.0
1510673094195683002,0.578964056015,-0.00822819328308,0.0
1510673094198955059,0.57826864624,-0.00737997436523,0.0
1510673094203411102,0.577427797318,-0.00676233434677,0.0
1510673094212058067,0.576833919525,-0.00619667196274,0.0
1510673094213335990,0.575951099396,-0.00589046859741,0.0
1510673094219538927,0.574810178757,-0.00567794895172,0.0
1510673094223278999,0.573777988434,-0.00537052297592,0.0
1510673094232556104,0.572649126053,-0.00516071033478,0.0
1510673094234338998,0.573446308136,-0.00428968191147,0.0
1510673094242806911,0.573986732483,-0.0034519276619,0.0
1510673094243531942,0.574430051804,-0.00275266170502,0.0
1510673094248363018,0.571441438675,-0.00157964909077,0.0
1510673094253628015,0.568539609909,-0.00057686060667,0.0
1510673094259207963,0.565859294891,0.000394575178623,0.0
1510673094263330936,0.564739425659,0.000790724515915,0.0
1510673094269582986,0.563849277496,0.00100369715691,0.0
1510673094285315990,0.562713157654,0.00122024917603,0.0
1510673094286041975,0.561563987732,0.00134977793694,0.0
1510673094288366079,0.559113853455,0.0009136749506,0.0
1510673094294612884,0.556852870941,0.000676746070385,0.0
1510673094294826030,0.554763809204,0.000545058786869,0.0
1510673094299009084,0.552562538147,0.00291269922256,0.0
1510673094302771091,0.550562076569,0.00501607704163,0.0
1510673094308358907,0.548251239777,0.00683035039902,0.0
1510673094314387083,0.543005844116,0.0074679684639,0.0
1510673094321104049,0.538181739807,0.00813143348694,0.0
1510673094323405027,0.533705848694,0.00867014884949,0.0
1510673094333554029,0.531742477417,0.00977356910706,0.0
1510673094333640098,0.529685287476,0.010603852272,0.0
1510673094340859889,0.527762916565,0.0114362802505,0.0
1510673094345220088,0.523520339966,0.0118250217438,0.0
1510673094348586082,0.52026374054,0.0121439552307,0.0
1510673094353383064,0.516622627258,0.0125148143768,0.0
1510673094359855890,0.512039634705,0.0130413532257,0.0
1510673094370596885,0.50783682251,0.0136026773453,0.0
1510673094371032953,0.503909011841,0.014241607666,0.0
1510673094379698991,0.500205451965,0.014781247139,0.0
1510673094382030963,0.49476537323,0.0150822277069,0.0
1510673094383832931,0.489714508057,0.0151191473007,0.0
1510673094389924049,0.485522064209,0.0150760631561,0.0
1510673094396282911,0.475449249268,0.0149933538437,0.0
1510673094398219108,0.466221725464,0.0150568857193,0.0
1510673094403794050,0.457856719971,0.0152775630951,0.0
1510673094408880949,0.453339538574,0.0144535036087,0.0
1510673094414573907,0.44936656189,0.0138135738373,0.0
1510673094419929981,0.445709335327,0.0130761508942,0.0
1510673094432133913,0.44229486084,0.0124143123627,0.0
1510673094432321071,0.43799230957,0.0125687866211,0.0
1510673094433382987,0.434495117188,0.0125272436142,0.0
1510673094440314054,0.42762739563,0.0127448740005,0.0
1510673094446650028,0.421456100464,0.0128783931732,0.0
1510673094452887058,0.415754318237,0.012858417511,0.0
1510673094457530021,0.4104972229,0.0128542585373,0.0
1510673094459506034,0.405261276245,0.0130377035141,0.0
1510673094464236974,0.400465591431,0.0133032855988,0.0
1510673094477713108,0.395885299683,0.0135005264282,0.0
1510673094477871894,0.388136917114,0.013335278511,0.0
1510673094481808900,0.381091720581,0.013292552948,0.0
1510673094492533922,0.37462310791,0.0130682411194,0.0
1510673094493627071,0.368678726196,0.0129474992752,0.0
1510673094495464086,0.362827484131,0.013945555687,0.0
1510673094499130964,0.357445281982,0.0147427921295,0.0
1510673094504473924,0.352679626465,0.015595662117,0.0
1510673094511846065,0.34382043457,0.0154644985199,0.0
1510673094517797946,0.337205871582,0.015345500946,0.0
1510673094519526004,0.33137600708,0.0152653779984,0.0
1510673094526936054,0.322602142334,0.0182795352936,0.0
1510673094529798030,0.314676300049,0.0208962306976,0.0
1510673094538171052,0.307630737305,0.0232999172211,0.0
1510673094540102958,0.300628936768,0.0230647583008,0.0
1510673094551886081,0.294357757568,0.0227879581451,0.0
1510673094554210901,0.289529327393,0.0225608444214,0.0
1510673094554337024,0.282725158691,0.0226977920532,0.0
1510673094559362888,0.276550750732,0.0227646141052,0.0
1510673094564218044,0.271047058105,0.0227648792267,0.0
1510673094571358919,0.266146148682,0.022702205658,0.0
1510673094575891971,0.262336181641,0.0206905174255,0.0
1510673094584398984,0.258743255615,0.018850851059,0.0
1510673094585238933,0.250982757568,0.0197351989746,0.0
1510673094591456890,0.244479980469,0.0204762783051,0.0
1510673094597810983,0.238157501221,0.0210497207642,0.0
1510673094600764036,0.232841003418,0.0216709594727,0.0
1510673094604438066,0.226447814941,0.0212393760681,0.0
1510673094609714984,0.220832580566,0.0208870429993,0.0
1510673094615060091,0.215687896729,0.0205394897461,0.0
1510673094622863054,0.206777069092,0.0200269527435,0.0
1510673094624790906,0.198985992432,0.0196961746216,0.0
1510673094630908966,0.193701629639,0.0191849861145,0.0
1510673094638453006,0.186095092773,0.0201618709564,0.0
1510673094639643907,0.179214111328,0.0210069217682,0.0
1510673094647042989,0.173024688721,0.0218176307678,0.0
1510673094652966022,0.167523223877,0.0227771015167,0.0
1510673094654283046,0.164045623779,0.0221300010681,0.0
1510673094660196065,0.161258880615,0.0214842910767,0.0
1510673094664618015,0.158812225342,0.0208198928833,0.0
1510673094669442892,0.152397705078,0.0201526260376,0.0
1510673094683926105,0.144364440918,0.0197876091003,0.0
1510673094686000108,0.137117614746,0.0194148273468,0.0
1510673094686969995,0.131307312012,0.0196776256561,0.0
1510673094689610958,0.126077972412,0.0197479705811,0.0
1510673094696500062,0.121594940186,0.0196300640106,0.0
1510673094699518918,0.114871612549,0.0188664112091,0.0
1510673094708256959,0.108710693359,0.0182384281158,0.0
1510673094714055061,0.103317596436,0.0178808231354,0.0
1510673094714345932,0.0984453735352,0.0174843940735,0.0
1510673094721151113,0.0915036010742,0.0171431770325,0.0
1510673094727000951,0.0853988647461,0.0168398914337,0.0
1510673094729418039,0.080001953125,0.0164113559723,0.0
1510673094733911991,0.07243359375,0.0159486112595,0.0
1510673094740761041,0.0656331787109,0.015543806076,0.0
1510673094747565984,0.0597962036133,0.0150767803192,0.0
1510673094752504110,0.0599057617187,0.0149101381302,0.0
1510673094763097047,0.0596563720703,0.0144773464203,0.0
1510673094764019012,0.059700378418,0.0142044992447,0.0
1510673094766853094,0.0596354980469,0.0141003780365,0.0
1510673094774563074,0.0547542724609,0.013409819603,0.0
1510673094774687051,0.0503864746094,0.0129512300491,0.0
1510673094779993057,0.0440560302734,0.0141159973145,0.0
1510673094785239934,0.0385565795898,0.0151160087585,0.0
1510673094794117927,0.0336986083984,0.016060295105,0.0
1510673094799567937,0.0294716796875,0.0168136196136,0.0
1510673094800925970,0.0235357666016,0.0147813215256,0.0
1510673094804498910,0.0183200073242,0.0128066596985,0.0
1510673094812196016,0.00927923583984,0.0121805057526,0.0
1510673094818581104,0.00132672119141,0.0117613372803,0.0
1510673094820157051,-0.00561340332031,0.0111919145584,0.0
1510673094824510097,-0.0117843017578,0.0109375810623,0.0
1510673094830440998,-0.0127263183594,0.0108285455704,0.0
1510673094837027072,-0.0132954711914,0.0105939569473,0.0
1510673094840368986,-0.0136347045898,0.0105708065033,0.0
1510673094849591970,-0.0226055908203,0.00904250812531,0.0
1510673094850198030,-0.0305252685547,0.00777586460114,0.0
1510673094854573011,-0.0376286621094,0.00664529943466,0.0
1510673094860801935,-0.0416123046875,0.00575830984116,0.0
1510673094864481925,-0.0451845703125,0.00498523139954,0.0
1510673094878684997,-0.0499243774414,0.00420394945145,0.0
1510673094884104967,-0.0523849487305,0.00356995081902,0.0
1510673094885262012,-0.0554212036133,0.00220724225044,0.0
1510673094885566949,-0.0578272705078,0.000898656964302,0.0
1510673094890822887,-0.0600175170898,-0.000246017292142,0.0
1510673094895884037,-0.0599642944336,-0.000397144109011,0.0
1510673094904934883,-0.0597719116211,-0.000510405778885,0.0
1510673094910012960,-0.0595746459961,-0.000522188305855,0.0
1510673094913011074,-0.0595423583984,-0.000659007191658,0.0
1510673094915183067,-0.0600350952148,-0.000959687113762,0.0
1510673094922776937,-0.0601054077148,-0.00112985265255,0.0
1510673094928575038,-0.0601704101563,-0.00147545087337,0.0
1510673094931876897,-0.0548726196289,-0.00176060831547,0.0
1510673094939765930,-0.0499177856445,-0.00188725912571,0.0
1510673094939856052,-0.0454869384766,-0.00210443258286,0.0
1510673094945370912,-0.0482178955078,-0.00158222520351,0.0
1510673094955746889,-0.0506252441406,-0.00118468308449,0.0
1510673094956171989,-0.0525110473633,-0.000636479377747,0.0
1510673094962286949,-0.0570682373047,0.000699267983437,0.0
1510673094969819068,-0.061037902832,0.00194163489342,0.0
1510673094971856117,-0.0645855102539,0.00289052772522,0.0
1510673094974996089,-0.0698090209961,0.00199773037434,0.0
1510673094980216026,-0.0743061523438,0.00123416817188,0.0
1510673094985402107,-0.0781912231445,0.000526147544384,0.0
1510673094992111921,-0.0794098510742,0.000577119767666,0.0
1510673094995143890,-0.0805151977539,0.000385795742273,0.0
1510673095002156972,-0.0814296264648,0.000372134685516,0.0
1510673095007165908,-0.075396484375,-4.33760285378e-05,0.0
1510673095015393972,-0.0697955322266,-0.000266597568989,0.0
1510673095016314029,-0.0645947875977,-0.000275523066521,0.0
1510673095020112037,-0.0599807128906,-0.000475555121899,0.0
1510673095025108098,-0.0603670043945,0.000229165017605,0.0
1510673095030802011,-0.0606715087891,0.000777501761913,0.0
1510673095037381887,-0.0609672241211,0.00122044312954,0.0
1510673095045877933,-0.0588861083984,0.000189903989434,0.0
1510673095046653985,-0.056994934082,-0.00113429713249,0.0
1510673095050153017,-0.055068359375,-0.00219634413719,0.0
1510673095058093070,-0.0590988769531,-0.00273123860359,0.0
1510673095060444116,-0.0626676635742,-0.00328113055229,0.0
1510673095066550016,-0.0659073486328,-0.00347757482529,0.0
1510673095074768066,-0.0689182128906,-0.00388081216812,0.0
1510673095076375961,-0.0705129394531,-0.00332504439354,0.0
1510673095081626892,-0.0719462890625,-0.00293009781837,0.0
1510673095090950012,-0.0731049804688,-0.00257131814957,0.0
1510673095092003107,-0.073033996582,-0.00149549055099,0.0
1510673095105222940,-0.0729207763672,-0.00078380304575,0.0
1510673095105896949,-0.0725861816406,0.00016949890554,0.0
1510673095106302022,-0.0632954711914,0.00152403330803,0.0
1510673095112070083,-0.0547763061523,0.00261562800407,0.0
1510673095116452932,-0.0472490234375,0.00355385184288,0.0
1510673095120759963,-0.04793359375,0.000295991957188,0.0
1510673095127254009,-0.0483310546875,-0.00241261053085,0.0
1510673095130713939,-0.0488201904297,-0.00493034410477,0.0
1510673095135813951,-0.0513251953125,-0.00513262367249,0.0
1510673095148351907,-0.0535829467773,-0.00531877613068,0.0
1510673095149502038,-0.0555888671875,-0.00550983858109,0.0
1510673095150696992,-0.0579328613281,-0.00480697202682,0.0
1510673095155719041,-0.0609416503906,-0.00417340564728,0.0
1510673095162247896,-0.0635216674805,-0.00351065707207,0.0
1510673095165527105,-0.06227734375,-0.0025851931572,0.0
1510673095171128034,-0.061030456543,-0.00184462749958,0.0
1510673095175398111,-0.0598889770508,-0.0011259086132,0.0
1510673095186304092,-0.0587674560547,-0.000567395329475,0.0
1510673095187057971,-0.0504167480469,-0.000879291772842,0.0
1510673095195369005,-0.0433092651367,-0.00128758990765,0.0
1510673095196118116,-0.0365826416016,-0.00165384173393,0.0
1510673095201821088,-0.0318985595703,-0.00280401587486,0.0
1510673095210133075,-0.027438293457,-0.00382394123077,0.0
1510673095213860034,-0.0234907836914,-0.00464637184143,0.0
1510673095215989112,-0.0199945068359,-0.00548000144958,0.0
1510673095223165035,-0.0170499267578,-0.00630749607086,0.0
1510673095225358963,-0.0144725341797,-0.00706430244446,0.0
1510673095232911109,-0.0118275756836,-0.00629652786255,0.0
1510673095245333909,-0.00964691162109,-0.00557256174088,0.0
1510673095246135950,-0.00766754150391,-0.00495896959305,0.0
1510673095248163938,-0.00589294433594,-0.00442834711075,0.0
1510673095251276969,-0.00617474365234,-0.00521557092667,0.0
1510673095256088972,-0.00620300292969,-0.00571228551865,0.0
1510673095261996984,-0.00638385009766,-0.00634395503998,0.0
1510673095268385887,-0.00699456787109,-0.00510706996918,0.0
1510673095271079063,-0.006880859375,-0.00395672488213,0.0
1510673095278593063,-0.00740307617187,-0.00294536328316,0.0
1510673095292376995,-0.00788568115234,-0.00163187634945,0.0
1510673095293659925,-0.00448162841797,-0.00166645228863,0.0
1510673095295172929,-0.00142706298828,-0.00160827445984,0.0
1510673095302752017,0.00127899169922,-0.00186915194988,0.0
1510673095303488016,-0.000824462890625,-0.00219383835793,0.0
1510673095310386896,-0.00275714111328,-0.00227622461319,0.0
1510673095311614990,-0.00475891113281,-0.00270186662674,0.0
1510673095319144964,-0.00272094726562,-0.00347420477867,0.0
1510673095321274995,-0.000635498046875,-0.004453104496,0.0
1510673095330813884,0.0011484375,-0.00503755378723,0.0
1510673095332406044,0.00348992919922,-0.00444277238846,0.0
1510673095341176986,0.00565686035156,-0.00418542051315,0.0
1510673095342022895,0.0075244140625,-0.00379039978981,0.0
1510673095347093105,0.00933697509766,-0.00353973126411,0.0
1510673095354427099,0.0125469360352,-0.00400858974457,0.0
1510673095359879970,0.0155194091797,-0.00444899845123,0.0
1510673095361115932,0.0181843261719,-0.00515360641479,0.0
1510673095371161937,0.0252026977539,-0.00355168533325,0.0
1510673095373347997,0.031609375,-0.00219383215904,0.0
1510673095376143932,0.0371762084961,-0.000753011226654,0.0
1510673095381242036,0.0393594970703,-0.000510382175446,0.0
1510673095386363029,0.0412551269531,-0.00061957269907,0.0
1510673095391488075,0.0429032592773,-0.000496298223734,0.0
1510673095396637916,0.0449260253906,-0.000957410633564,0.0
1510673095403815984,0.0466475219727,-0.00114537143707,0.0
1510673095410718917,0.0482119750977,-0.00128439688683,0.0
1510673095411109924,0.0514549560547,0.000124854102731,0.0
1510673095417629957,0.0543178710937,0.00150561654568,0.0
1510673095423721075,0.0569584350586,0.00265000271797,0.0
1510673095427926063,0.0606483154297,0.00255168890953,0.0
1510673095432430028,0.0633355102539,0.00240067434311,0.0
1510673095437427043,0.0662230224609,0.00216130280495,0.0
1510673095442591905,0.0687310180664,0.00204623842239,0.0
1510673095447129011,0.0697045288086,0.00148910355568,0.0
1510673095451138973,0.0705734863281,0.00115445065498,0.0
1510673095457066059,0.071379699707,0.000973498642445,0.0
1510673095470045089,0.0761743774414,0.00161464309692,0.0
1510673095477133035,0.0805125732422,0.00210107707977,0.0
1510673095477631092,0.0843176879883,0.00242811584473,0.0
1510673095478497028,0.0871080932617,0.00294073343277,0.0
1510673095482074975,0.0896555480957,0.0035905008316,0.0
1510673095486953020,0.0918522949219,0.00408184814453,0.0
1510673095492671012,0.0938023681641,0.00437861537933,0.0
1510673095497252941,0.0965243225098,0.00498624658585,0.0
1510673095501677989,0.0989925842285,0.00545561933517,0.0
1510673095507397890,0.101157043457,0.00609576940536,0.0
1510673095513628959,0.103721923828,0.00723761367798,0.0
1510673095517462015,0.105841796875,0.00830149555206,0.0
1510673095525357007,0.107588470459,0.00946297740936,0.0
1510673095528852939,0.109250701904,0.0105922451019,0.0
1510673095532205104,0.110806945801,0.0116656417847,0.0
1510673095536535978,0.112128112793,0.0124105958939,0.0
1510673095542553901,0.114641113281,0.0117003746033,0.0
1510673095546241998,0.116859405518,0.0113110847473,0.0
1510673095552032947,0.118925262451,0.0108640041351,0.0
1510673095556802988,0.118786254883,0.011961892128,0.0
1510673095562854051,0.118503112793,0.0128638076782,0.0
1510673095566052913,0.118443237305,0.0137119789124,0.0
1510673095572688102,0.118345825195,0.0145871686935,0.0
1510673095578044891,0.121324157715,0.0146981658936,0.0
1510673095584816932,0.124159667969,0.0148403053284,0.0
1510673095586741924,0.125384552002,0.0142749061584,0.0
1510673095592386007,0.126472290039,0.0137326908112,0.0
1510673095601958036,0.128144744873,0.0125108156204,0.0
1510673095607582092,0.129019439697,0.0120868177414,0.0
1510673095623303890,0.132232147217,0.0133038158417,0.0
1510673095624702930,0.135041809082,0.0144237451553,0.0
1510673095625298023,0.137512176514,0.0151569757462,0.0
1510673095629887104,0.136336395264,0.0156677722931,0.0
1510673095632599115,0.135546447754,0.0161759796143,0.0
1510673095636544942,0.134438690186,0.0168424549103,0.0
1510673095642365932,0.133724395752,0.0175292739868,0.0
1510673095646774053,0.132900085449,0.0176820163727,0.0
1510673095654876947,0.131523162842,0.016487121582,0.0
1510673095659153938,0.130466094971,0.0153703775406,0.0
1510673095663012981,0.129338806152,0.0146216773987,0.0
1510673095668673992,0.128286224365,0.0140037441254,0.0
1510673095675554037,0.125978851318,0.0150234050751,0.0
1510673095682653903,0.124022674561,0.0159564065933,0.0
1510673095684190034,0.122300445557,0.0167526531219,0.0
1510673095689904928,0.12197076416,0.0162200164795,0.0
1510673095692315101,0.121505859375,0.0157829236984,0.0
1510673095696790933,0.120894714355,0.0151436195374,0.0
1510673095701699972,0.120296905518,0.014490073204,0.0
1510673095707108020,0.123857574463,0.014551867485,0.0
1510673095715831995,0.127239990234,0.0147521238327,0.0
1510673095720680952,0.130238647461,0.0151673240662,0.0
1510673095726351976,0.130477844238,0.0156425380707,0.0
1510673095729342937,0.130616821289,0.0159567546844,0.0
1510673095732167959,0.130554626465,0.0162528343201,0.0
1510673095737059116,0.132569244385,0.017434671402,0.0
1510673095741750001,0.134412109375,0.0187718372345,0.0
1510673095747205018,0.135997497559,0.0198503742218,0.0
1510673095753283977,0.136036590576,0.0205383148193,0.0
1510673095760951042,0.135763122559,0.0210927829742,0.0
1510673095774410963,0.135559204102,0.0215776138306,0.0
1510673095777719974,0.135260803223,0.0222104320526,0.0
1510673095779284954,0.135447235107,0.0223703708649,0.0
1510673095785351991,0.135770202637,0.0224965686798,0.0
1510673095785602092,0.135854034424,0.0226347236633,0.0
1510673095790277004,0.135721466064,0.0230495872498,0.0
1510673095807396888,0.135852874756,0.0234135074615,0.0
1510673095808017969,0.141698913574,0.0241134929657,0.0
1510673095812290906,0.144346099854,0.0242553043365,0.0
1510673095818624019,0.141471435547,0.0236845703125,0.0
1510673095830430984,0.138949401855,0.0232510986328,0.0
1510673095831929922,0.136665649414,0.0228893032074,0.0
1510673095833712100,0.13456842041,0.0225001716614,0.0
1510673095838365077,0.135057220459,0.0239397068024,0.0
1510673095842278957,0.135522583008,0.025119726181,0.0
1510673095851798057,0.135966491699,0.0263397350311,0.0
1510673095854192972,0.135161193848,0.0261229801178,0.0
1510673095857754945,0.134505462646,0.0259746665955,0.0
1510673095862652063,0.133771942139,0.0258079071045,0.0
1510673095868858098,0.130660766602,0.0260938110352,0.0
1510673095873640060,0.127931274414,0.0264634590149,0.0
1510673095879179000,0.125354217529,0.0268130950928,0.0
1510673095888360023,0.126314208984,0.0267997112274,0.0
1510673095890907049,0.12702545166,0.026956401825,0.0
1510673095893322944,0.127776031494,0.0268464756012,0.0
1510673095897337913,0.129461547852,0.0269082984924,0.0
1510673095902966022,0.130979980469,0.0269911823273,0.0
1510673095907725095,0.132567596436,0.0270590000153,0.0
1510673095914323091,0.133588806152,0.0272606639862,0.0
1510673095921360015,0.132747070312,0.027419090271,0.0
1510673095923243999,0.131932006836,0.0276528491974,0.0
1510673095929491043,0.131173797607,0.0277545585632,0.0
1510673095935502052,0.129562805176,0.0289241008759,0.0
1510673095937611103,0.127881195068,0.030023065567,0.0
1510673095943542003,0.126376190186,0.0309416122437,0.0
1510673095947077989,0.124573699951,0.031344121933,0.0
1510673095958060979,0.123055847168,0.03173487854,0.0
1510673095959240913,0.121881225586,0.0322394981384,0.0
1510673095965570926,0.121536712646,0.0336784172058,0.0
1510673095968692064,0.121342010498,0.0351182670593,0.0
1510673095974828958,0.121044250488,0.0360617713928,0.0
1510673095982676982,0.120879333496,0.0370786743164,0.0
1510673095988656997,0.121151855469,0.0351103515625,0.0
1510673095991874933,0.12127154541,0.0332158851624,0.0
1510673096001185894,0.121444458008,0.0315289916992,0.0
1510673096001665115,0.126242034912,0.0320085716248,0.0
1510673096015870094,0.130738311768,0.0324860534668,0.0
1510673096086535930,0.134748626709,0.0330301399231,0.0
1510673096094207048,0.101941070557,0.0329319458008,0.0
1510673096097284078,0.100330749512,0.0339357452393,0.0
1510673096103113889,0.0989602355957,0.0349508209229,0.0
1510673096105818986,0.0975193786621,0.0357378692627,0.0
1510673096109668970,0.0964762573242,0.0365083847046,0.0
1510673096119400024,0.0936617126465,0.0368420181274,0.0
1510673096120986938,0.091830657959,0.0371804504395,0.0
1510673096124144077,0.0903032226563,0.0375616836548,0.0
1510673096128222942,0.0894025878906,0.0364249458313,0.0
1510673096135072946,0.0888240356445,0.0354353485107,0.0
1510673096143831968,0.088008972168,0.0345658187866,0.0
1510673096145632028,0.0867849121094,0.0341769752502,0.0
1510673096149321079,0.0857807006836,0.0338774261475,0.0
1510673096153095960,0.0853806762695,0.0335997886658,0.0
1510673096158410072,0.0880299072266,0.0326782150269,0.0
1510673096163024902,0.0902261962891,0.0318988895416,0.0
1510673096168344020,0.0922169494629,0.0310817298889,0.0
1510673096172821044,0.0894544677734,0.0309962596893,0.0
1510673096181214094,0.0870634155273,0.0309538288116,0.0
1510673096187602043,0.0850361938477,0.0309998397827,0.0
1510673096190299987,0.0832263183594,0.0311031665802,0.0
1510673096193104982,0.0808723754883,0.0314151344299,0.0
1510673096198759078,0.0787515258789,0.0316750259399,0.0
1510673096203572034,0.0767551269531,0.0318884391785,0.0
1510673096208014965,0.0757655029297,0.0308882408142,0.0
1510673096215831041,0.0748762817383,0.0299682121277,0.0
1510673096217997074,0.0741093139648,0.0291876792908,0.0
1510673096225498914,0.0722175292969,0.0278722057343,0.0
1510673096230271100,0.0706465454102,0.0268209915161,0.0
1510673096232808113,0.0692540893555,0.0258040084839,0.0
1510673096240040063,0.066860168457,0.0257263298035,0.0
1510673096243092060,0.0648299560547,0.0257072982788,0.0
1510673096248341083,0.0628477172852,0.0256280174255,0.0
1510673096254285097,0.0646220703125,0.0254874973297,0.0
1510673096262825965,0.0662351074219,0.0254246196747,0.0
1510673096269530057,0.0676973266602,0.0251815128326,0.0
1510673096280973911,0.0691890258789,0.0249992980957,0.0
1510673096283162117,0.0674395751953,0.0243675899506,0.0
1510673096283271074,0.066543762207,0.0240488300323,0.0
1510673096350819110,0.0653355712891,0.0238021354675,0.0
1510673096362735033,0.0515030517578,0.0211602249146,0.0
1510673096363868951,0.0473931884766,0.0216045455933,0.0
1510673096368007898,0.0438023071289,0.0219897079468,0.0
1510673096369879961,0.0406459350586,0.022249174118,0.0
1510673096377715110,0.0401627197266,0.0222546958923,0.0
1510673096381628036,0.0397153930664,0.0223088378906,0.0
1510673096390571117,0.0389541015625,0.0225998916626,0.0
1510673096391428947,0.0383084106445,0.0227983512878,0.0
1510673096394745111,0.0386177368164,0.0229605960846,0.0
1510673096398804903,0.0374090576172,0.0223573417664,0.0
1510673096407471895,0.0362791137695,0.0217899532318,0.0
1510673096415911912,0.0353724975586,0.0215814933777,0.0
1510673096416275024,0.0344594726562,0.0212642097473,0.0
1510673096419127941,0.0357650756836,0.0217109355927,0.0
1510673096423600912,0.0371068115234,0.0220462284088,0.0
1510673096430525064,0.0382342529297,0.022360868454,0.0
1510673096438731908,0.0418707885742,0.021559337616,0.0
1510673096444840908,0.0444306030273,0.0206411952972,0.0
1510673096445051908,0.0467916259766,0.0197356433868,0.0
1510673096449168920,0.0488745117188,0.0188307304382,0.0
1510673096455694913,0.0458666992187,0.0177996845245,0.0
1510673096459817886,0.0432620849609,0.0170161991119,0.0
1510673096465385913,0.041349609375,0.0168934383392,0.0
1510673096474306106,0.03978125,0.0164652423859,0.0
1510673096474889039,0.0385599365234,0.0160939884186,0.0
1510673096482705116,0.037266784668,0.0157970895767,0.0
1510673096489418029,0.0388325195312,0.0152950181961,0.0
1510673096489974975,0.0402321777344,0.0151082038879,0.0
1510673096497838020,0.0416143188477,0.0146894578934,0.0
1510673096505057096,0.0439716186523,0.0142204399109,0.0
1510673096509103059,0.0463458862305,0.0137533426285,0.0
1510673096510458946,0.0484341430664,0.0133369722366,0.0
1510673096513988971,0.0521651611328,0.0138658695221,0.0
1510673096519747972,0.0553717041016,0.0141244487762,0.0
1510673096525533914,0.0581500854492,0.0145052175522,0.0
1510673096536545991,0.0607230224609,0.0147376718521,0.0
1510673096536967992,0.0587302246094,0.0143593673706,0.0
1510673096538768053,0.0569525756836,0.0140503721237,0.0
1510673096543920040,0.0557322998047,0.0142413043976,0.0
1510673096617758989,0.0545266723633,0.0144455661774,0.0
1510673096626127004,0.0503975830078,0.0200616188049,0.0
1510673096626600980,0.0534532470703,0.0207188549042,0.0
1510673096630942106,0.0480115966797,0.0191172008514,0.0
1510673096639219045,0.0431586914062,0.017815038681,0.0
1510673096639822959,0.0387265014648,0.0163612155914,0.0
1510673096645091056,0.0390737304687,0.017769033432,0.0
1510673096653558015,0.0396174926758,0.0187996788025,0.0
1510673096656150102,0.0402294311523,0.0198405513763,0.0
1510673096660594940,0.041735168457,0.0186265583038,0.0
1510673096674673080,0.0432221679688,0.0174098930359,0.0
1510673096675684928,0.0443884887695,0.0164499282837,0.0
1510673096676163911,0.046098815918,0.0171226501465,0.0
1510673096679212093,0.0476702880859,0.0176778106689,0.0
1510673096684994935,0.0491416625977,0.0183537368774,0.0
1510673096690613985,0.0544408569336,0.0173511924744,0.0
1510673096700447082,0.0590783691406,0.0167210826874,0.0
1510673096701776981,0.063257019043,0.0159992198944,0.0
1510673096704627037,0.0669151611328,0.0152345676422,0.0
1510673096710886001,0.0670721435547,0.0159997062683,0.0
1510673096720444917,0.0670631103516,0.0165579509735,0.0
1510673096721519947,0.0672509765625,0.0172324867249,0.0
1510673096725886106,0.0666505737305,0.0170597133636,0.0
1510673096729495048,0.0661415405273,0.0168379039764,0.0
1510673096739201068,0.065608215332,0.0167399711609,0.0
1510673096748594999,0.0640125732422,0.017111831665,0.0
1510673096751869916,0.0626676635742,0.0174171295166,0.0
1510673096755788087,0.061548828125,0.0176358985901,0.0
1510673096757571935,0.0608678588867,0.0179024181366,0.0
1510673096760754108,0.0612919921875,0.0168251113892,0.0
1510673096768343925,0.0615457763672,0.0158450155258,0.0
1510673096776196956,0.0616857299805,0.0149039869308,0.0
1510673096778489112,0.0634630737305,0.0158248081207,0.0
1510673096783637046,0.0653108520508,0.0168652935028,0.0
1510673096784435033,0.0670449829102,0.0179166755676,0.0
1510673096789943933,0.0700405273437,0.0180185966492,0.0
1510673096799556970,0.0725994873047,0.0178740978241,0.0
1510673096804109096,0.0748599243164,0.0175876579285,0.0
1510673096805227041,0.0733519287109,0.0168812389374,0.0
1510673096812133073,0.0719888916016,0.0164539470673,0.0
1510673096882210016,0.0707720336914,0.01624766922,0.0
1510673096891561985,0.0839890136719,0.025610086441,0.0
1510673096895431041,0.0871879882812,0.0263080329895,0.0
1510673096896900892,0.085065612793,0.0250616474152,0.0
1510673096897335052,0.0830925292969,0.0240951194763,0.0
1510673096901741981,0.0812559204102,0.0230629825592,0.0
1510673096908777952,0.0767047729492,0.0241924533844,0.0
1510673096911798954,0.0727440185547,0.0252533760071,0.0
1510673096916595935,0.0693140258789,0.0261339626312,0.0
1510673096920408010,0.0698708496094,0.0259333972931,0.0
1510673096927078962,0.07040625,0.0257057800293,0.0
1510673096937038898,0.0711965332031,0.0255660915375,0.0
1510673096938806056,0.0719468994141,0.0255752868652,0.0
1510673096940862894,0.0726989135742,0.025512802124,0.0
1510673096953011035,0.0732858276367,0.0255646343231,0.0
1510673096954509019,0.0734758911133,0.0259461936951,0.0
1510673096954660892,0.0735962524414,0.0260747108459,0.0
1510673096960922956,0.0736858520508,0.0263365497589,0.0
1510673096966283082,0.0779737548828,0.0248251247406,0.0
1510673096969630002,0.0818329467773,0.0237240695953,0.0
1510673096976238965,0.0853436279297,0.0228030357361,0.0
1510673096983927011,0.0884367980957,0.0217139034271,0.0
1510673096984896898,0.0885225219727,0.0218909435272,0.0
1510673096994105100,0.0885725708008,0.0218483982086,0.0
1510673096997735977,0.0888587341309,0.0220092563629,0.0
1510673097000916957,0.0877956542969,0.0230973529816,0.0
1510673097004620075,0.0868112792969,0.0237811794281,0.0
1510673097009695053,0.085942199707,0.02458502388,0.0
1510673097015425920,0.0847596435547,0.0242616252899,0.0
1510673097023890018,0.0837521362305,0.0240962314606,0.0
1510673097029438972,0.0828848876953,0.0240314540863,0.0
1510673097033632993,0.0821376953125,0.023774679184,0.0
1510673097035830974,0.0838353881836,0.0247912845612,0.0
1510673097040575981,0.0853499755859,0.0255075626373,0.0
1510673097045694112,0.0917602844238,0.0255078468323,0.0
1510673097054622888,0.0975032958984,0.0254467277527,0.0
1510673097057518959,0.102637115479,0.0252286682129,0.0
1510673097060061931,0.107176513672,0.0249949970245,0.0
1510673097065937995,0.105319213867,0.0247490177155,0.0
1510673097070034027,0.10355380249,0.0245991649628,0.0
1510673097356336116,0.100266998291,0.0259468746185,0.0
1510673097511188030,0.0973893127441,0.0280327205658,0.0
1510673097549794912,0.0988764343262,0.0279559688568,0.0
1510673097558249950,0.0999905090332,0.0278333492279,0.0
1510673097559890031,0.0973218688965,0.0275583820343,0.0
1510673097562853097,0.0949018249512,0.0274828567505,0.0
1510673097565681934,0.0928485717773,0.0274958229065,0.0
1510673097568833112,0.0872308349609,0.0315201091766,0.0
1510673097576226949,0.0889444274902,0.0317119159698,0.0
1510673097600137948,0.0775491333008,0.0277299880981,0.0
1510673097602358102,0.0685499267578,0.0311133556366,0.0
1510673097610014915,0.0439676513672,0.0338984489441,0.0
1510673097611628055,0.0451939086914,0.0325794487,0.0
1510673097613131999,0.052104309082,0.031875289917,0.0
1510673097614667892,0.0583784179687,0.0313584976196,0.0
1510673097617558956,0.0640033569336,0.0310882720947,0.0
1510673097619558095,0.063962890625,0.0319221591949,0.0
1510673097620949983,0.0636050415039,0.0325414276123,0.0
1510673097622553110,0.0632297363281,0.0331155815125,0.0
1510673097628743886,0.0627875976562,0.0336743888855,0.0
1510673097632658004,0.0608967895508,0.0332466545105,0.0
1510673097637398004,0.0590596313477,0.0327431144714,0.0
1510673097642047882,0.0575073852539,0.0321640357971,0.0
1510673097647011041,0.056237487793,0.0326843223572,0.0
1510673097650341033,0.0548540039062,0.0329934654236,0.0
1510673097654314994,0.0540022583008,0.0334924659729,0.0
1510673097661474943,0.0539573364258,0.0330694885254,0.0
1510673097661726951,0.0542005004883,0.0329324874878,0.0
1510673097733267068,0.0559420166016,0.0318789825439,0.0
1510673097753396987,0.0544776000977,0.0354642715454,0.0
1510673097759229898,0.0550073242187,0.0353059310913,0.0
1510673097774020910,0.0555539550781,0.034602394104,0.0
1510673097774525880,0.0560654296875,0.0337529335022,0.0
1510673097783888101,0.0564431152344,0.0332666091919,0.0
1510673097786627054,0.0569291381836,0.0327282180786,0.0
1510673097791776895,0.0596145629883,0.0330124320984,0.0
1510673097795175075,0.0620643920898,0.0333001976013,0.0
1510673097797720909,0.0642545166016,0.0335128479004,0.0
1510673097799597024,0.0620665893555,0.0338313064575,0.0
1510673097801428079,0.0600734863281,0.0341370773315,0.0
1510673097805093050,0.0582998657227,0.0344163780212,0.0
1510673097806951999,0.057288269043,0.0353047027588,0.0
1510673097809103012,0.0562876586914,0.0361628417969,0.0
1510673097817173957,0.0555352172852,0.0369695358276,0.0
1510673097817994117,0.0534939575195,0.0370295715332,0.0
1510673097821115016,0.0516372680664,0.0369783592224,0.0
1510673097824712991,0.0501156616211,0.0368372764587,0.0
1510673097828406095,0.0488477783203,0.0368253898621,0.0
1510673097840034008,0.0477776489258,0.0359945983887,0.0
1510673097840370893,0.0469729003906,0.0353817710876,0.0
1510673097840607881,0.0464143066406,0.0347056884766,0.0
1510673097842314958,0.0519686279297,0.03430235672,0.0
1510673097850997924,0.0569415283203,0.0340118179321,0.0
1510673097856674909,0.0613334350586,0.0336999740601,0.0
1510673097861845970,0.0654351806641,0.0335740776062,0.0
1510673097868494033,0.0644987182617,0.0332170410156,0.0
1510673097869848966,0.0637944335938,0.0328235168457,0.0
1510673097873375892,0.0638569946289,0.0326515731812,0.0
1510673097878992080,0.0634165039062,0.0322708015442,0.0
1510673097888154029,0.0633790283203,0.0319067020416,0.0
1510673097894752979,0.0632407226563,0.0316129589081,0.0
1510673097895612001,0.0633522949219,0.0306299381256,0.0
1510673097898159027,0.0634440307617,0.0299086055756,0.0
1510673097902254104,0.0623659667969,0.0304321937561,0.0
1510673097908008098,0.0614758911133,0.0309189186096,0.0
1510673097914073944,0.0606248168945,0.0313024902344,0.0
1510673097918709993,0.0598608398438,0.0317926864624,0.0
1510673097922013044,0.062989440918,0.0317472915649,0.0
1510673097996433973,0.0657920532227,0.0316320152283,0.0
1510673098003813982,0.0637316894531,0.02513048172,0.0
1510673098005542993,0.0644544677734,0.0248142414093,0.0
1510673098012440919,0.0651075439453,0.0244532260895,0.0
1510673098015585899,0.0657925415039,0.0242588100433,0.0
1510673098021173954,0.0663384399414,0.0241776199341,0.0
1510673098022495031,0.0674270629883,0.0229669704437,0.0
1510673098028830051,0.068500793457,0.0219374351501,0.0
1510673098036103963,0.0693629760742,0.0208030471802,0.0
1510673098038204908,0.0663497314453,0.0204261283875,0.0
1510673098048120021,0.0636455688477,0.0201611213684,0.0
1510673098057307958,0.0610999145508,0.0199502220154,0.0
1510673098057852029,0.0597037963867,0.0188155918121,0.0
1510673098059283018,0.0583530883789,0.0176871604919,0.0
1510673098062657117,0.0573686523437,0.0167777442932,0.0
1510673098067965030,0.0563681030273,0.0162068634033,0.0
1510673098076759099,0.0554462280273,0.0157316389084,0.0
1510673098083671092,0.0545767211914,0.015245677948,0.0
1510673098088934898,0.0537788696289,0.0147498369217,0.0
1510673098089370012,0.0529267578125,0.0154847822189,0.0
1510673098093159914,0.0522141113281,0.0164102745056,0.0
1510673098102794885,0.0517877197266,0.0164283428192,0.0
1510673098113018989,0.0512593383789,0.0164010162354,0.0
1510673098119791030,0.0509131469727,0.0162622089386,0.0
1510673098120150089,0.0504520263672,0.0160521144867,0.0
1510673098120985031,0.0546115722656,0.0154197616577,0.0
1510673098123174905,0.0582894897461,0.0148085699081,0.0
1510673098127780914,0.0614594116211,0.0141933050156,0.0
1510673098134104967,0.0644749755859,0.0137427120209,0.0
1510673098140413045,0.0670065917969,0.0133345718384,0.0
1510673098144438982,0.0693338012695,0.0130503225327,0.0
1510673098147926092,0.0690704345703,0.012185500145,0.0
1510673098155786991,0.0689102172852,0.0113570518494,0.0
1510673098158997058,0.0688359375,0.0108301944733,0.0
1510673098166546106,0.0705255126953,0.0110518121719,0.0
1510673098170761108,0.0721408081055,0.0114073324203,0.0
1510673098173247098,0.0735745849609,0.0116506175995,0.0
1510673098178422927,0.0749176635742,0.011758813858,0.0
1510673098183594942,0.075231262207,0.0118411588669,0.0
1510673098187930107,0.0755063476562,0.0117012062073,0.0
1510673098260291099,0.0757301025391,0.0116662349701,0.0
1510673098272149085,0.0897504882812,0.00826997852325,0.0
1510673098277553081,0.0898850097656,0.00816006278992,0.0
1510673098283232927,0.0898132019043,0.00790535974503,0.0
1510673098285633087,0.0896950378418,0.00773176431656,0.0
1510673098292661905,0.0935986328125,0.00737980890274,0.0
1510673098298408985,0.0970522155762,0.00702047634125,0.0
1510673098299117088,0.100111480713,0.00677909898758,0.0
1510673098299675941,0.0990246276855,0.00708824110031,0.0
1510673098308587074,0.0982061462402,0.00758404636383,0.0
1510673098322094917,0.0973694152832,0.00797915649414,0.0
1510673098325683116,0.0970902099609,0.00818314170837,0.0
1510673098333817958,0.0972279968262,0.00839001941681,0.0
1510673098335201025,0.0970756530762,0.00845526695251,0.0
1510673098336675882,0.0959735717773,0.00712145757675,0.0
1510673098338287115,0.0949586181641,0.00594191789627,0.0
1510673098340039968,0.0940378417969,0.00489609003067,0.0
1510673098343924045,0.0931741638184,0.00389569449425,0.0
1510673098354878902,0.0927347106934,0.00375332832336,0.0
1510673098355339050,0.0922859191895,0.00377801442146,0.0
1510673098364414930,0.0912494812012,0.00251490926743,0.0
1510673098367674112,0.0901834106445,0.00128886008263,0.0
1510673098369040012,0.089242401123,0.000236108511686,0.0
1510673098373934030,0.0918385620117,-0.000538877546787,0.0
1510673098380656957,0.0941164245605,-0.00108292376995,0.0
1510673098384422063,0.0961803894043,-0.00145625674725,0.0
1510673098392395019,0.098107635498,-0.00189524257183,0.0
1510673098400615930,0.0969051208496,-0.00135626137257,0.0
1510673098401444911,0.0961431274414,-0.000968244016171,0.0
1510673098403470993,0.0952145690918,-0.000596207857132,0.0
1510673098411647081,0.0951309509277,0.000285619199276,0.0
1510673098414681911,0.0951290283203,0.00097314864397,0.0
1510673098422743082,0.094971496582,0.00179239797592,0.0
1510673098426789045,0.0952579345703,0.00177405798435,0.0
1510673098428288936,0.0953150024414,0.00186110818386,0.0
1510673098433635950,0.0954906921387,0.0018813855648,0.0
1510673098439326047,0.0972641601562,0.00180632603168,0.0
1510673098443972110,0.0986658325195,0.00187505185604,0.0
1510673098450661897,0.0999629211426,0.00195004606247,0.0
1510673098454051971,0.10516973877,0.00263347506523,0.0
1510673098525943994,0.109983551025,0.00334455227852,0.0
1510673098533251047,0.113676879883,0.0081149930954,0.0
1510673098535821914,0.112722137451,0.00902209758759,0.0
1510673098550757884,0.111973846436,0.00974742603302,0.0
1510673098551105976,0.111244537354,0.0104441814423,0.0
1510673098551736116,0.111300842285,0.0084958782196,0.0
1510673098551764965,0.111282531738,0.00662661314011,0.0
1510673098554838895,0.114264373779,0.00612210512161,0.0
1510673098560693025,0.116976654053,0.00556543111801,0.0
1510673098564167976,0.119514587402,0.00527773141861,0.0
1510673098570584058,0.118536468506,0.00454814815521,0.0
1510673098576111078,0.117645721436,0.00378273129463,0.0
1510673098580135107,0.116800292969,0.00308622097969,0.0
1510673098586786985,0.118032653809,0.00299180650711,0.0
1510673098595304012,0.118990356445,0.00295640230179,0.0
1510673098601700067,0.119734436035,0.00297866272926,0.0
1510673098601917982,0.120504150391,0.00297508430481,0.0
1510673098606184959,0.120156646729,0.00262635660172,0.0
1510673098608952045,0.119968292236,0.00225712203979,0.0
1510673098614273071,0.119698913574,0.00193745708466,0.0
1510673098621968030,0.120544311523,0.00230955672264,0.0
1510673098626236915,0.121151397705,0.00268337535858,0.0
1510673098630285024,0.121767669678,0.00311010599136,0.0
1510673098633862972,0.123060058594,0.00406764030457,0.0
1510673098641835927,0.124384643555,0.00493414640427,0.0
1510673098644916057,0.125523803711,0.00562295866013,0.0
1510673098649319887,0.125574615479,0.00640407371521,0.0
1510673098653657913,0.125637420654,0.00711918735504,0.0
1510673098659743070,0.125579040527,0.00783538293839,0.0
1510673098667889118,0.125609405518,0.00843827056885,0.0
1510673098669863939,0.123877838135,0.00821551132202,0.0
1510673098676825046,0.122393554687,0.00802833271027,0.0
1510673098679788112,0.123585845947,0.00674037694931,0.0
1510673098685544013,0.124477935791,0.00571930456161,0.0
1510673098690933942,0.125233917236,0.00488484334946,0.0
1510673098694314956,0.125826873779,0.00402693557739,0.0
1510673098700541019,0.12549887085,0.00416382694244,0.0
1510673098708590984,0.125120117187,0.00419637918472,0.0
1510673098718005895,0.124935791016,0.00431480550766,0.0
1510673098796654939,0.125244903564,0.00425907516479,0.0
1510673098816464900,0.125084503174,0.00177271699905,0.0
1510673098823899030,0.124901641846,0.00116682934761,0.0
1510673098829658985,0.125154937744,0.00111712932587,0.0
1510673098833801984,0.125403747559,0.00116074740887,0.0
1510673098846101999,0.125658721924,0.00121976959705,0.0
1510673098852242946,0.129274475098,0.00246014761925,0.0
1510673098856148958,0.1325390625,0.00359303092957,0.0
1510673098857723951,0.135590545654,0.00471975469589,0.0
1510673098858778953,0.133638427734,0.00481061077118,0.0
1510673098860095024,0.131742858887,0.00492278003693,0.0
1510673098864908933,0.130194946289,0.00499223613739,0.0
1510673098869576930,0.12975994873,0.00528686952591,0.0
1510673098873693943,0.129311981201,0.00552215957642,0.0
1510673098875730991,0.129079711914,0.00572703933716,0.0
1510673098876935005,0.131337646484,0.00839235591888,0.0
1510673098881563901,0.132329711914,0.00940354728699,0.0
1510673098888493061,0.133102172852,0.0103812294006,0.0
1510673098889780998,0.129936279297,0.00954376888275,0.0
1510673098892826080,0.12702935791,0.00873797035217,0.0
1510673098898479938,0.124509338379,0.00824721240997,0.0
1510673098899524927,0.122161682129,0.00856441116333,0.0
1510673098905503034,0.119977539062,0.0089044713974,0.0
1510673098908009052,0.118047851562,0.00918622970581,0.0
1510673098909611940,0.119638549805,0.00862906074524,0.0
1510673098920972108,0.121182403564,0.00835644054413,0.0
1510673098924184083,0.12277722168,0.00819569015503,0.0
1510673098927613973,0.124178436279,0.00810028171539,0.0
1510673098930208921,0.122027038574,0.00972100257874,0.0
1510673098934012889,0.120024475098,0.0107942476273,0.0
1510673098941476106,0.118797363281,0.00946156406403,0.0
1510673098946218013,0.117718048096,0.00826849269867,0.0
1510673098952433109,0.11676461792,0.00724145889282,0.0
1510673098954583883,0.115917480469,0.00655437326431,0.0
1510673098960568904,0.113015686035,0.00697133684158,0.0
1510673098965795040,0.110350860596,0.0073842716217,0.0
1510673098970902919,0.10805557251,0.0077577881813,0.0
1510673098977246046,0.105646148682,0.00730813121796,0.0
1510673098985416889,0.103549743652,0.00719308614731,0.0
1510673098985671043,0.101625213623,0.00703512001038,0.0
1510673098989511966,0.103097351074,0.00800754737854,0.0
1510673098997755050,0.104446472168,0.00897357177734,0.0
1510673099000463962,0.106097381592,0.00977415657043,0.0
1510673099007848024,0.105171600342,0.00953623771667,0.0
1510673099013609886,0.104159606934,0.00929349517822,0.0
1510673099021295070,0.103399353027,0.00881290245056,0.0
1510673099022162914,0.102767913818,0.00851389884949,0.0
1510673099024530887,0.1023956604,0.0081574754715,0.0
1510673099031018018,0.102019805908,0.00778307580948,0.0
1510673099035465002,0.101616394043,0.00754161453247,0.0
1510673099040242910,0.101668060303,0.00772109127045,0.0
1510673099047034978,0.101781311035,0.00802832317352,0.0
1510673099052948951,0.101604278564,0.00824936580658,0.0
1510673099060694932,0.101318664551,0.00832485389709,0.0
1510673099061919927,0.101074066162,0.00861401748657,0.0
1510673099065129995,0.100757171631,0.00853110122681,0.0
1510673099070734024,0.100147491455,0.00859556293488,0.0
1510673099077239036,0.0996233520508,0.00881522083282,0.0
1510673099082266092,0.098795501709,0.00882166957855,0.0
1510673099092951059,0.0984149475098,0.00904456710815,0.0
1510673099093343019,0.101644042969,0.00995356369019,0.0
1510673099099634885,0.104559509277,0.0107735509872,0.0
1510673099100760936,0.102761138916,0.0106313591003,0.0
1510673099106272935,0.101063110352,0.0103990507126,0.0
1510673099117254018,0.0996116333008,0.0102977056503,0.0
1510673099118139982,0.0982999572754,0.0102381124496,0.0
1510673099120896100,0.0962986450195,0.0100460977554,0.0
1510673099126507997,0.0946838989258,0.00988537979126,0.0
1510673099132091045,0.0932311401367,0.00958706092834,0.0
1510673099135040044,0.0898704833984,0.00817092132568,0.0
1510673099140810012,0.0868293457031,0.00694162607193,0.0
1510673099147793054,0.0841068725586,0.00588892555237,0.0
1510673099154194116,0.082099609375,0.00566089344025,0.0
1510673099155771017,0.0801585693359,0.00540713119507,0.0
1510673099160574913,0.0787670898438,0.00524198579788,0.0
1510673099165473937,0.079885559082,0.00534408998489,0.0
1510673099173691034,0.080864440918,0.00543125581741,0.0
1510673099177347898,0.0818120117187,0.0054107465744,0.0
1510673099180991888,0.0825168457031,0.00544377565384,0.0
1510673099187218904,0.0814631958008,0.00518187761307,0.0
1510673099197912931,0.0805953369141,0.00511872625351,0.0
1510673099209712028,0.0799609985352,0.00510916042328,0.0
1510673099210411071,0.0797945556641,0.00487877368927,0.0
1510673099213696002,0.0796741943359,0.00510599136353,0.0
1510673099213989973,0.0794544067383,0.00512892484665,0.0
1510673099215807914,0.0796243286133,0.00525048398972,0.0
1510673099219837903,0.0797985229492,0.00544268798828,0.0
1510673099225754022,0.0801149291992,0.00560490560532,0.0
1510673099232151031,0.0782854614258,0.00556096696854,0.0
1510673099238574981,0.076469543457,0.00536265611649,0.0
1510673099240959882,0.0748526000977,0.00522084474564,0.0
1510673099245904922,0.0740151367187,0.00489685487747,0.0
1510673099255944967,0.0732896728516,0.00467291927338,0.0
1510673099263403892,0.0728435668945,0.00454833984375,0.0
1510673099263787984,0.0723795776367,0.00442590045929,0.0
1510673099266062021,0.0754943237305,0.00474505853653,0.0
1510673099270855903,0.0782784423828,0.00509659719467,0.0
1510673099276118993,0.0807591552734,0.00534925508499,0.0
1510673099283695936,0.0801740722656,0.00604429197311,0.0
1510673099286663055,0.0797081298828,0.00669017314911,0.0
1510673099290699005,0.0793586425781,0.00707045269012,0.0
1510673099300520896,0.0787990722656,0.00702665901184,0.0
1510673099302618026,0.078231262207,0.00687414884567,0.0
1510673099309127092,0.0777437133789,0.00689128684998,0.0
1510673099320544004,0.0779367675781,0.00778909349442,0.0
1510673099320796966,0.0781734619141,0.00846918010712,0.0
1510673099324423074,0.0777676391602,0.00923567581177,0.0
1510673099325354099,0.0780608520508,0.00992116832733,0.0
1510673099332451105,0.0777639160156,0.0095511932373,0.0
1510673099340092897,0.0774662475586,0.00919200611115,0.0
1510673099346748113,0.0771037597656,0.00869519996643,0.0
1510673099348839998,0.079305480957,0.00934861183167,0.0
1510673099351059913,0.0812568969727,0.00989019393921,0.0
1510673099358854055,0.0830294799805,0.0103832788467,0.0
1510673099365261077,0.080591796875,0.00991020011902,0.0
1510673099366446971,0.0790502929687,0.00932373142242,0.0
1510673099376039981,0.0777838134766,0.0087485370636,0.0
1510673099376307964,0.0753200073242,0.00829203796387,0.0
1510673099380975961,0.0731534423828,0.00789979791641,0.0
1510673099390285015,0.071235168457,0.00777813768387,0.0
1510673099391405105,0.0694047241211,0.00760184764862,0.0
1510673099396595954,0.0691549072266,0.00864855957031,0.0
1510673099405684947,0.068250793457,0.00959781551361,0.0
1510673099406523942,0.0680335083008,0.0102837820053,0.0
1510673099413062095,0.0671904907227,0.00990202903748,0.0
1510673099416553974,0.066423034668,0.00927121162415,0.0
1510673099421315908,0.0658039550781,0.00857294845581,0.0
1510673099426410913,0.0659364624023,0.00790379047394,0.0
1510673099434782981,0.0660354003906,0.00719171380997,0.0
1510673099438502073,0.0661058959961,0.00691449117661,0.0
1510673099442158937,0.0687175292969,0.00743386602402,0.0
1510673099449837923,0.0714999389648,0.0077435297966,0.0
1510673099454792976,0.0740763549805,0.00829206562042,0.0
1510673099455893993,0.0764078979492,0.0086519908905,0.0
1510673099462713003,0.0759667358398,0.00814808368683,0.0
1510673099466325998,0.0754873657227,0.00739615774155,0.0
1510673099471259117,0.074715637207,0.00774005460739,0.0
1510673099481781959,0.0740802001953,0.00804800415039,0.0
1510673099482980966,0.0739080810547,0.00811724567413,0.0
1510673099487302064,0.0734116821289,0.00855256557465,0.0
1510673099491862058,0.0741052246094,0.00813717079163,0.0
1510673099496417045,0.074775390625,0.00778340435028,0.0
1510673099501718997,0.0753881225586,0.00755031490326,0.0
1510673099511392116,0.0739522705078,0.00711872816086,0.0
1510673099513834953,0.0727736206055,0.00691401100159,0.0
1510673099517451047,0.0716553955078,0.00662854194641,0.0
1510673099521558046,0.0750069580078,0.00610209465027,0.0
1510673099526621103,0.0779415893555,0.0056478972435,0.0
1510673099535254001,0.0806887817383,0.00518720054626,0.0
1510673099537769079,0.083239074707,0.00477975034714,0.0
1510673099541738033,0.0807026977539,0.00539961290359,0.0
1510673099547776937,0.0784505004883,0.00590092420578,0.0
1510673099554718017,0.0762978515625,0.00638720989227,0.0
1510673099556271076,0.0752073974609,0.00601638793945,0.0
1510673099567320108,0.0744249267578,0.00568933057785,0.0
1510673099571225881,0.0736011962891,0.00553089380264,0.0
1510673099574145078,0.0729854125977,0.00539907884598,0.0
1510673099577011108,0.072399597168,0.00532205438614,0.0
1510673099582588911,0.0719596557617,0.00536903810501,0.0
1510673099594233036,0.0717575683594,0.00435669946671,0.0
1510673099595649003,0.0715897216797,0.00363533258438,0.0
1510673099596489906,0.0714870605469,0.00281303310394,0.0
1510673099601762056,0.0705545043945,0.0021585021019,0.0
1510673099623258113,0.0709196777344,0.00208071088791,0.0
1510673099633784055,0.0713081054687,0.00196574068069,0.0
1510673099635112047,0.0716865234375,0.00196887540817,0.0
1510673099635327100,0.075223815918,0.00255678486824,0.0
1510673099635545969,0.0783652954102,0.00312783956528,0.0
1510673099635751962,0.0810946044922,0.00361332058907,0.0
1510673099642513036,0.0803383178711,0.00352462291718,0.0
1510673099647115945,0.0800443115234,0.00344247293472,0.0
1510673099648871898,0.0794846191406,0.00337797737122,0.0
1510673099651729106,0.0793275146484,0.00399694132805,0.0
1510673099656732082,0.0792029418945,0.00462830781937,0.0
1510673099661768913,0.0791181640625,0.005129799366,0.0
1510673099669446945,0.0790535888672,0.00549097537994,0.0
1510673099678307056,0.0784991455078,0.004858751297,0.0
1510673099685148954,0.0780454711914,0.00419976234436,0.0
1510673099694120883,0.0777357788086,0.00362862062454,0.0
1510673099695945024,0.0787108154297,0.00308459639549,0.0
1510673099696341991,0.0795036621094,0.00251963543892,0.0
1510673099697860002,0.0801943359375,0.00213451957703,0.0
1510673099705770969,0.0803782348633,0.00177179014683,0.0
1510673099707163095,0.0804021606445,0.00152077066898,0.0
1510673099711996078,0.0805196533203,0.00132111120224,0.0
1510673099719629049,0.0810300292969,0.00172079133987,0.0
1510673099722858905,0.0820863647461,0.00220897197723,0.0
1510673099726977109,0.0828233642578,0.00262979626656,0.0
1510673099734087944,0.0833991088867,0.00287928152084,0.0
1510673099739742040,0.083615234375,0.00280319523811,0.0
1510673099742994070,0.0835931396484,0.00249962925911,0.0
1510673099746581077,0.0837038574219,0.0023971145153,0.0
1510673099753726959,0.0837546386719,0.00237352824211,0.0
1510673099762772083,0.0838399047852,0.00226668214798,0.0
1510673099766083002,0.0839201660156,0.00233563423157,0.0
1510673099769520044,0.0847440795898,0.00131505143642,0.0
1510673099771548986,0.0855563964844,0.000592268586159,0.0
1510673099776563882,0.086060546875,5.73676964268e-06,0.0
1510673099782718896,0.0892030029297,0.00111475121975,0.0
1510673099790483951,0.0921551818848,0.00214023923874,0.0
1510673099794776916,0.0948883666992,0.00290685176849,0.0
1510673099798078060,0.0974143981934,0.00373100018501,0.0
1510673099806384086,0.0975756530762,0.00258882212639,0.0
1510673099807467937,0.0971730041504,0.00145221805573,0.0
1510673099811646938,0.096855255127,0.000483428418636,0.0
1510673099818927049,0.0972570800781,0.000497274905443,0.0
1510673099822307109,0.0976453857422,0.00070880484581,0.0
1510673099827099084,0.0984466552734,0.000513418912888,0.0
1510673099832998037,0.0989660949707,0.000203374892473,0.0
1510673099846046924,0.0995048828125,-6.5822519362e-05,0.0
1510673099847651958,0.0990825805664,-0.000197859883308,0.0
1510673099847726106,0.101027557373,-0.00030036970973,0.0
1510673099852482080,0.1028046875,-0.000227088809013,0.0
1510673099858112096,0.104396148682,-0.000154306352139,0.0
1510673099862360954,0.0983033447266,0.00125020742416,0.0
1510673099872150897,0.0926795654297,0.00234510326385,0.0
1510673099872613906,0.0877144165039,0.00320870113373,0.0
1510673099877398014,0.0829967651367,0.00402792739868,0.0
1510673099882740974,0.0868276977539,0.00383672952652,0.0
1510673099886959075,0.0899203796387,0.00389575195313,0.0
1510673099893537998,0.0928116760254,0.00388373565674,0.0
1510673099902214050,0.0939581604004,0.00525021457672,0.0
1510673099906168937,0.0948835144043,0.00639340305328,0.0
1510673099915258884,0.0956775512695,0.007491065979,0.0
1510673099915615081,0.0922412109375,0.0065910487175,0.0
1510673099917190074,0.0893628540039,0.00594679737091,0.0
1510673099926723957,0.0872720336914,0.0052608590126,0.0
1510673099932322025,0.0898526916504,0.006764128685,0.0
1510673099933116912,0.092206817627,0.00814315605164,0.0
1510673099937657117,0.0941300964355,0.00922291851044,0.0
1510673099943005084,0.0961104125977,0.0103490200043,0.0
1510673099948208093,0.0959789428711,0.00936327552795,0.0
1510673099957267999,0.0959317626953,0.00845267486572,0.0
1510673099960445880,0.0957865905762,0.00758382701874,0.0
1510673099963203907,0.0991575927734,0.00652474927902,0.0
1510673099970012903,0.102129302979,0.00594361019135,0.0
1510673099974524021,0.104735168457,0.00529650878906,0.0
1510673099977102041,0.104677734375,0.00681609725952,0.0
1510673099989784955,0.104531860352,0.00812194728851,0.0
1510673099992113113,0.104187347412,0.00920296764374,0.0
1510673099992925882,0.104777648926,0.0101319255829,0.0
1510673099998500108,0.105323059082,0.0109028081894,0.0
1510673100003719091,0.105925231934,0.0117935609818,0.0
1510673100007244110,0.105930297852,0.0117143039703,0.0
1510673100016197919,0.10595223999,0.0115718717575,0.0
1510673100018699884,0.105907073975,0.011306555748,0.0
1510673100024354934,0.105779327393,0.0106986789703,0.0
1510673100032232999,0.105589752197,0.0102445688248,0.0
1510673100035525083,0.105442962646,0.00985606575012,0.0
1510673100038943052,0.105399841309,0.00955432987213,0.0
1510673100042618989,0.110098114014,0.00955508518219,0.0
1510673100047780036,0.1143855896,0.00959753131866,0.0
1510673100052164077,0.118166473389,0.00971186351776,0.0
1510673100057765007,0.117901733398,0.00982158279419,0.0
1510673100066562891,0.117729248047,0.00996907711029,0.0
1510673100073363065,0.117453094482,0.0100087785721,0.0
1510673100073538064,0.117195587158,0.0101107034683,0.0
1510673100079823017,0.117039978027,0.0115590953827,0.0
1510673100083131074,0.116537506104,0.0126646957397,0.0
1510673100088603973,0.116035675049,0.0115724945068,0.0
1510673100097745895,0.115412780762,0.0103753347397,0.0
1510673100102185964,0.114972625732,0.00950429058075,0.0
1510673100102772951,0.114620178223,0.00863953590393,0.0
1510673100108674049,0.112684356689,0.00818213748932,0.0
1510673100114993095,0.111176574707,0.00801527881622,0.0
1510673100117702960,0.109625823975,0.00761103057861,0.0
1510673100126149892,0.11011730957,0.00808379936218,0.0
1510673100130409955,0.110726837158,0.00840428066254,0.0
1510673100133347034,0.111108154297,0.00860115909576,0.0
1510673100138236999,0.114418884277,0.00877872943878,0.0
1510673100144654989,0.117138275146,0.00869445037842,0.0
1510673100147073030,0.119742919922,0.00879717159271,0.0
1510673100152740001,0.121091033936,0.00845722389221,0.0
1510673100158103942,0.122243682861,0.00795197629929,0.0
1510673100163964033,0.123168182373,0.00778074264526,0.0
1510673100174247980,0.123893676758,0.00734590244293,0.0
1510673100189614057,0.124631195068,0.00703098297119,0.0
1510673100189754962,0.124385742187,0.0077234826088,0.0
1510673100190803050,0.124159057617,0.00829486370087,0.0
1510673100190901041,0.123784667969,0.00938414669037,0.0
1510673100193476915,0.123453277588,0.0102885217667,0.0
1510673100201364040,0.123415435791,0.0110566740036,0.0
1510673100203229904,0.122332336426,0.0119091777802,0.0
1510673100208928108,0.122533294678,0.013251540184,0.0
1510673100213592052,0.122605377197,0.0144087543488,0.0
1510673100221142053,0.122483551025,0.0148926925659,0.0
1510673100225487947,0.122673461914,0.0151118040085,0.0
1510673100234179019,0.122806945801,0.0153883075714,0.0
1510673100237257957,0.122993377686,0.0155246896744,0.0
1510673100237706899,0.125146179199,0.0143863286972,0.0
1510673100243304967,0.126828094482,0.0134793796539,0.0
1510673100248235940,0.124579193115,0.0132006978989,0.0
1510673100253390073,0.1225418396,0.0130980787277,0.0
1510673100262321949,0.120865020752,0.0131194581985,0.0
1510673100264233112,0.119293457031,0.013107301712,0.0
1510673100268757104,0.11835357666,0.0135534181595,0.0
1510673100274023056,0.11751651001,0.0139716863632,0.0
1510673100280158996,0.116751831055,0.0142671279907,0.0
1510673100284543991,0.117511352539,0.014172621727,0.0
1510673100291116952,0.117713317871,0.013925485611,0.0
1510673100297267913,0.117885009766,0.0137288227081,0.0
1510673100299057006,0.117969482422,0.0135530509949,0.0
1510673100303627014,0.117025939941,0.0125223588943,0.0
1510673100307756900,0.116166015625,0.0117403249741,0.0
1510673100320683002,0.117787780762,0.0119871091843,0.0
1510673100330349922,0.119196960449,0.0121818351746,0.0
1510673100330617904,0.119660095215,0.0122751207352,0.0
1510673100332644939,0.120685821533,0.0122600593567,0.0
1510673100337300062,0.119561035156,0.0118804159164,0.0
1510673100338499069,0.118597717285,0.0116341314316,0.0
1510673100344223022,0.117666351318,0.0112722005844,0.0
1510673100358961105,0.116389221191,0.0117812185287,0.0
1510673100359102010,0.115162078857,0.0120246067047,0.0
1510673100360407114,0.114079406738,0.0123937187195,0.0
1510673100363498926,0.113230529785,0.0128588762283,0.0
1510673100368628978,0.112776885986,0.0125228357315,0.0
1510673100375524044,0.112434844971,0.0121995363235,0.0
1510673100382122039,0.112028808594,0.0116530675888,0.0
1510673100384777069,0.111924346924,0.0111228599548,0.0
1510673100391747951,0.111823791504,0.0106472330093,0.0
1510673100393269062,0.111635986328,0.0102863779068,0.0
1510673100398612976,0.112677124023,0.00956770992279,0.0
1510673100403671026,0.113506958008,0.00878642272949,0.0
1510673100414419889,0.114273773193,0.00818520641327,0.0
1510673100415173053,0.115506195068,0.00844543743134,0.0
1510673100425646066,0.11659564209,0.00864553451538,0.0
1510673100430552005,0.117588256836,0.00897279644012,0.0
1510673100432840108,0.118451141357,0.00903934288025,0.0
1510673100433485031,0.116757995605,0.00931018543243,0.0
1510673100439230918,0.115185424805,0.00946674919128,0.0
1510673100443476915,0.112366851807,0.00805407428741,0.0
1510673100455929040,0.109590606689,0.00681424570084,0.0
1510673100457773923,0.107195220947,0.00564829778671,0.0
1510673100458781003,0.104938446045,0.00468857336044,0.0
1510673100463277101,0.104416687012,0.00373424339294,0.0
1510673100469115972,0.103909606934,0.00285796952248,0.0
1510673100473509073,0.103527893066,0.00212661671638,0.0
1510673100482173919,0.102581359863,0.00240594172478,0.0
1510673100490003108,0.101611419678,0.00254728388786,0.0
1510673100492141962,0.100776519775,0.00286040878296,0.0
1510673100494307994,0.10201763916,0.00275564694405,0.0
1510673100499372005,0.103084716797,0.00268323206902,0.0
1510673100503798961,0.1041953125,0.00271321582794,0.0
1510673100511816024,0.105132110596,0.00255800056458,0.0
1510673100517426013,0.104071777344,0.0021639149189,0.0
1510673100521130084,0.103128570557,0.00165876400471,0.0
1510673100526115894,0.102065490723,0.00128244280815,0.0
1510673100532387971,0.101242126465,0.000110478945076,0.0
1510673100534307956,0.100345489502,-0.000978055238724,0.0
1510673100538774013,0.0996540527344,-0.00189814937115,0.0
1510673100545284032,0.0979205322266,-0.00207831048965,0.0
1510673100548044919,0.0963229980469,-0.00222551012039,0.0
1510673100556340932,0.09496875,-0.00231664538383,0.0
1510673100558713912,0.0930410461426,-0.00295346927643,0.0
1510673100571861982,0.0914667358398,-0.00353418064117,0.0
1510673100573007106,0.0900933227539,-0.00404950380325,0.0
1510673100577733993,0.0888349609375,-0.00469374513626,0.0
1510673100581681966,0.091425567627,-0.00481606197357,0.0
1510673100585900068,0.0936117248535,-0.00503834867477,0.0
1510673100588591098,0.0955885314941,-0.00513941431046,0.0
1510673100593684911,0.093837677002,-0.00670052099228,0.0
1510673100599055051,0.0922143249512,-0.0082018289566,0.0
1510673100603622913,0.0907962341309,-0.00950753974915,0.0
1510673100611607074,0.0883937072754,-0.00991509246826,0.0
1510673100617679119,0.0863108520508,-0.0102759075165,0.0
1510673100620673894,0.084412902832,-0.0104890937805,0.0
1510673100630048990,0.083005859375,-0.0094598531723,0.0
1510673100630151033,0.0816826782227,-0.0086497926712,0.0
1510673100635570049,0.0804627075195,-0.00790712499619,0.0
1510673100638582944,0.0798403320312,-0.00839573287964,0.0
1510673100643784046,0.0789765625,-0.00874499130249,0.0
1510673100649065971,0.0786010742187,-0.00901037883759,0.0
1510673100654138088,0.0790473632812,-0.00964612388611,0.0
1510673100665623903,0.0793604736328,-0.0100666913986,0.0
1510673100673544883,0.0795692138672,-0.0105216407776,0.0
1510673100679692029,0.0798473510742,-0.0108652915955,0.0
1510673100681284904,0.0802159423828,-0.0111538715363,0.0
1510673100685745954,0.0832228393555,-0.0111779680252,0.0
1510673100688683986,0.0857178955078,-0.0111060171127,0.0
1510673100690326929,0.0878666992188,-0.0128224039078,0.0
1510673100695060968,0.0896378173828,-0.0144153575897,0.0
1510673100699915885,0.0914345703125,-0.0157963962555,0.0
1510673100704387903,0.0867799682617,-0.0163349323273,0.0
1510673100711078882,0.0827165527344,-0.0167044734955,0.0
1510673100713984012,0.0790333862305,-0.0169437427521,0.0
1510673100719567060,0.0756146850586,-0.017071313858,0.0
1510673100724281072,0.0751184692383,-0.0169066238403,0.0
1510673100729312896,0.0746605834961,-0.0167987976074,0.0
1510673100738205909,0.0745546264648,-0.0166290359497,0.0
1510673100739315032,0.071830078125,-0.0150388479233,0.0
1510673100750387907,0.0693762207031,-0.0137391223907,0.0
1510673100752393007,0.0672910766602,-0.0126095991135,0.0
1510673100756213903,0.0676047973633,-0.0131590156555,0.0
1510673100759397029,0.0682445678711,-0.0135321235657,0.0
1510673100767208099,0.0678285522461,-0.0136636428833,0.0
1510673100772815942,0.0664235229492,-0.0122446155548,0.0
1510673100774034023,0.0650812988281,-0.0110197868347,0.0
1510673100779723882,0.0637172241211,-0.0100098371506,0.0
1510673100786237955,0.0623766479492,-0.0111418199539,0.0
1510673100794002056,0.0611618652344,-0.0120764369965,0.0
1510673100794337034,0.0600587158203,-0.0130087356567,0.0
1510673100801569938,0.0592463378906,-0.0138933105469,0.0
1510673100804111957,0.0583773193359,-0.0129921712875,0.0
1510673100809609889,0.0583254394531,-0.0120454235077,0.0
1510673100818753004,0.0582640380859,-0.0110426435471,0.0
1510673100819911003,0.0581151733398,-0.0103112297058,0.0
1510673100824115991,0.0590925292969,-0.0100689992905,0.0
1510673100829119920,0.0599008178711,-0.0100165224075,0.0
1510673100846287965,0.0638811645508,-0.0104424304962,0.0
1510673100847146987,0.067471862793,-0.0106245775223,0.0
1510673100852427959,0.0714052734375,-0.0109843244553,0.0
1510673100853635072,0.0744744873047,-0.0112646884918,0.0
1510673100854531049,0.075883605957,-0.0107158966064,0.0
1510673100860306024,0.0770092773437,-0.0101693534851,0.0
1510673100864486932,0.0780213012695,-0.00944969749451,0.0
1510673100873788118,0.0764460449219,-0.00885514831543,0.0
1510673100880821943,0.0750892333984,-0.00824794864655,0.0
1510673100881309032,0.0740344238281,-0.00785430383682,0.0
1510673100889326095,0.0713247070312,-0.00841185379028,0.0
1510673100891228914,0.0685806274414,-0.00856172275543,0.0
1510673100894438028,0.0659375610352,-0.00895664596558,0.0
1510673100900789022,0.0645635986328,-0.00860025978088,0.0
1510673100906780958,0.06341015625,-0.00831823730469,0.0
1510673100909254074,0.0622874145508,-0.00802238464355,0.0
1510673100915226936,0.0647526245117,-0.0073917555809,0.0
1510673100919959068,0.0668558959961,-0.00718633270264,0.0
1510673100924818992,0.0687747192383,-0.00687096214294,0.0
1510673100929717063,0.0679521484375,-0.00671724176407,0.0
1510673100936517953,0.0670712890625,-0.00645077562332,0.0
1510673100941708087,0.066323425293,-0.00603179931641,0.0
1510673100944628000,0.0656112670898,-0.0060161280632,0.0
1510673100953437089,0.0652617797852,-0.00601289272308,0.0
1510673100954617023,0.0662191772461,-0.00537989139557,0.0
1510673100959870100,0.0670375976562,-0.00478617620468,0.0
1510673100967264890,0.0651684570312,-0.00413895082474,0.0
1510673100969669103,0.0634423217773,-0.00380310130119,0.0
1510673100975003957,0.0618181152344,-0.0034766702652,0.0
1510673100980324029,0.0594141845703,-0.00276579356194,0.0
1510673100995959997,0.0573141479492,-0.0022039937973,0.0
1510673100997088909,0.0556226806641,-0.00144536268711,0.0
1510673100997611045,0.0586483154297,-0.000437833666801,0.0
1510673100999622106,0.0613416137695,0.000313626885414,0.0
1510673101005136966,0.0638134765625,0.00105759108067,0.0
1510673101012401103,0.0661359863281,0.00148762667179,0.0
1510673101015326976,0.0671932373047,0.00188212919235,0.0
1510673101019737958,0.0681826782227,0.00233765602112,0.0
1510673101025578975,0.0690163574219,0.00264127206802,0.0
1510673101029392004,0.0737384643555,0.00354684495926,0.0
1510673101039530992,0.0778122558594,0.00409160041809,0.0
1510673101047962903,0.0814443969727,0.00459246492386,0.0
1510673101049016952,0.0811646728516,0.00494632482529,0.0
1510673101050678968,0.0809349975586,0.00499829816818,0.0
1510673101055116891,0.0808697509766,0.00547551584244,0.0
1510673101059667110,0.0815093383789,0.00594122028351,0.0
1510673101065114974,0.0820213012695,0.00642662811279,0.0
1510673101075561046,0.0825299072266,0.00684523630142,0.0
1510673101075783014,0.0829283447266,0.0069068403244,0.0
1510673101084892034,0.0843033447266,0.00792356443405,0.0
1510673101087346076,0.0858159179687,0.0086666841507,0.0
1510673101090233087,0.0868236083984,0.00952407169342,0.0
1510673101095591068,0.0870402832031,0.0094890089035,0.0
1510673101102456092,0.0871552124023,0.009267578125,0.0
1510673101104435920,0.0874196166992,0.00926478481293,0.0
1510673101111448049,0.0897495117188,0.00996217250824,0.0
1510673101115487098,0.0918087768555,0.0105994777679,0.0
1510673101119515895,0.0936332702637,0.0111749849319,0.0
1510673101125238895,0.0927557373047,0.0119487171173,0.0
1510673101129651069,0.091923034668,0.0127161254883,0.0
1510673101137375116,0.0911553955078,0.0134036474228,0.0
1510673101141021966,0.0904639587402,0.0139015932083,0.0
1510673101156188011,0.0899053955078,0.0144243297577,0.0
1510673101158808946,0.0893847351074,0.014833946228,0.0
1510673101161863088,0.0889540405273,0.0153046016693,0.0
1510673101169878959,0.0892058410645,0.0150191583633,0.0
1510673101173131942,0.089130645752,0.0146796236038,0.0
1510673101174922943,0.0893460693359,0.0144352483749,0.0
1510673101180875062,0.0902428283691,0.0136455659866,0.0
1510673101181042909,0.0910080566406,0.0131054096222,0.0
1510673101187693119,0.0917918701172,0.0126869478226,0.0
1510673101190742015,0.0923911437988,0.012743897438,0.0
1510673101196814060,0.0929911804199,0.0130612897873,0.0
1510673101200624942,0.0934576416016,0.0130694894791,0.0
1510673101208071947,0.0939870910645,0.0132245559692,0.0
1510673101211225986,0.0977218322754,0.0121537952423,0.0
1510673101215703010,0.101040924072,0.0111270694733,0.0
1510673101220153093,0.104077850342,0.01035014534,0.0
1510673101225069999,0.104473632812,0.0117324914932,0.0
1510673101230747938,0.104851135254,0.0130826654434,0.0
1510673101242150068,0.105150726318,0.0143200550079,0.0
1510673101242964982,0.105902191162,0.01399239254,0.0
1510673101245551109,0.106724945068,0.0137052717209,0.0
1510673101251950025,0.107184906006,0.0133790664673,0.0
1510673101257517099,0.109071868896,0.0136825408936,0.0
1510673101263616085,0.110635314941,0.0139376678467,0.0
1510673101266401052,0.11214074707,0.0140785913467,0.0
1510673101270391941,0.113495300293,0.014164182663,0.0
1510673101275542020,0.114051879883,0.0143575105667,0.0
1510673101280458927,0.114572601318,0.014575958252,0.0
1510673101287276983,0.117949645996,0.0146733617783,0.0
1510673101303759098,0.120902374268,0.0147718362808,0.0
1510673101304399013,0.123466033936,0.0146635389328,0.0
1510673101305669069,0.125891448975,0.0145550394058,0.0
1510673101306523084,0.124760742187,0.0144850063324,0.0
1510673101310497999,0.123697479248,0.0144364366531,0.0
1510673101315680980,0.122902038574,0.0146070957184,0.0
1510673101322415113,0.121859619141,0.014713809967,0.0
1510673101328049898,0.120894866943,0.0149311952591,0.0
1510673101331105947,0.120142669678,0.0150309343338,0.0
1510673101336144924,0.119831604004,0.0157270154953,0.0
1510673101342340946,0.119617462158,0.0164601306915,0.0
1510673101346046924,0.11935244751,0.0170295791626,0.0
1510673101350919961,0.119056915283,0.0176309967041,0.0
1510673101357064008,0.117700042725,0.0174208068848,0.0
1510673101363522052,0.116617279053,0.0172437114716,0.0
1510673101365509033,0.120890350342,0.0168385505676,0.0
1510673101370516061,0.124620880127,0.0164819412231,0.0
1510673101379151105,0.12796685791,0.0163890018463,0.0
1510673101380511999,0.1309112854,0.0162372512817,0.0
1510673101385277032,0.130476013184,0.0161419830322,0.0
1510673101393145084,0.129983337402,0.0159492282867,0.0
1510673101398458957,0.129505706787,0.0157233505249,0.0
1510673101405549049,0.126718780518,0.0148166160583,0.0
1510673101406517982,0.12385824585,0.0140544815063,0.0
1510673101411350011,0.12170401001,0.0134537391663,0.0
1510673101416032075,0.123393157959,0.0133876304626,0.0
1510673101420465946,0.125010345459,0.0134297542572,0.0
1510673101426140069,0.126517181396,0.0133682174683,0.0
1510673101436059951,0.127754272461,0.0133377580643,0.0
1510673101436182975,0.12817578125,0.0148887491226,0.0
1510673101442789077,0.128339813232,0.0163233108521,0.0
1510673101445918083,0.12861026001,0.0175252685547,0.0
1510673101453788042,0.127150421143,0.0174981575012,0.0
1510673101457767009,0.125950042725,0.0175360660553,0.0
1510673101465379953,0.124868591309,0.0175790653229,0.0
1510673101466236114,0.127532714844,0.0180551967621,0.0
1510673101470832109,0.130046325684,0.0184471054077,0.0
1510673101476423978,0.132330108643,0.0188798313141,0.0
1510673101480701923,0.131625152588,0.0190110244751,0.0
1510673101491827011,0.130484069824,0.0193391723633,0.0
1510673101496197938,0.12975479126,0.0193694038391,0.0
1510673101496769905,0.129046966553,0.0193873271942,0.0
1510673101503233909,0.129355682373,0.0191656608582,0.0
1510673101505964994,0.129752227783,0.0190844554901,0.0
1510673101510797023,0.130041015625,0.0190532512665,0.0
1510673101516622066,0.129666625977,0.018845998764,0.0
1510673101523701906,0.129264190674,0.0185793685913,0.0
1510673101527635097,0.128212036133,0.0182913646698,0.0
1510673101531753063,0.12721862793,0.0183249511719,0.0
1510673101536179065,0.126399108887,0.01850066185,0.0
1510673101542505025,0.125587768555,0.0185374488831,0.0
1510673101545938014,0.122783843994,0.0190475273132,0.0
1510673101555154085,0.120329956055,0.0193261146545,0.0
1510673101556623935,0.118221099854,0.0196588401794,0.0
1510673101561866044,0.121918029785,0.0193493461609,0.0
1510673101566549062,0.125331268311,0.0189939002991,0.0
1510673101571501970,0.128351074219,0.0186737518311,0.0
1510673101576498985,0.127312469482,0.0188518009186,0.0
1510673101580594062,0.126315338135,0.0191994247437,0.0
1510673101586771011,0.125406463623,0.0195190105438,0.0
1510673101593754053,0.124822174072,0.0197124404907,0.0
1510673101606201887,0.124312530518,0.01982762146,0.0
1510673101606426000,0.123887939453,0.0198964672089,0.0
1510673101610961914,0.123935119629,0.0200625247955,0.0
1510673101612788915,0.122756988525,0.019376789093,0.0
1510673101616039991,0.121767669678,0.0187365207672,0.0
1510673101621886014,0.120742614746,0.0181293735504,0.0
1510673101626108884,0.12020098877,0.0180273933411,0.0
1510673101630953073,0.11965335083,0.01787774086,0.0
1510673101637904882,0.119098602295,0.0177550468445,0.0
1510673101652669906,0.118701599121,0.0174959201813,0.0
1510673101661825895,0.118225219727,0.0172170295715,0.0
1510673101664057016,0.120085113525,0.017578666687,0.0
1510673101664424896,0.121630828857,0.0179514827728,0.0
1510673101665849924,0.12136630249,0.0187659721375,0.0
1510673101668395996,0.12125994873,0.0193868503571,0.0
1510673101678122997,0.121110534668,0.0198737468719,0.0
1510673101678885936,0.121220428467,0.0204867687225,0.0
1510673101682557106,0.122184356689,0.0200968513489,0.0
1510673101690377950,0.123595336914,0.0197736949921,0.0
1510673101694191932,0.124395446777,0.0214675598145,0.0
1510673101697148084,0.12499899292,0.0227877731323,0.0
1510673101701622009,0.125593963623,0.024156337738,0.0
1510673101706461906,0.124341094971,0.0231220626831,0.0
1510673101715327978,0.123371002197,0.0223102245331,0.0
1510673101722080945,0.12250378418,0.0216580791473,0.0
1510673101722161054,0.121685302734,0.0207695350647,0.0
1510673101727025985,0.122381347656,0.0210898742676,0.0
1510673101736303091,0.122794403076,0.0211587944031,0.0
1510673101737601041,0.123120117187,0.0214381504059,0.0
1510673101744232892,0.125900085449,0.0217422428131,0.0
1510673101750811100,0.128368499756,0.0219336452484,0.0
1510673101751475095,0.130497344971,0.0223003940582,0.0
1510673101758424997,0.126305511475,0.0226993331909,0.0
1510673101762193918,0.122462188721,0.0232276000977,0.0
1510673101766684055,0.119060424805,0.0235685367584,0.0
1510673101772500038,0.118143005371,0.023593957901,0.0
1510673101777966976,0.1173934021,0.0237155056,0.0
1510673101781028032,0.116818084717,0.023804271698,0.0
1510673101786757946,0.115618804932,0.0243094501495,0.0
1510673101797626018,0.114730743408,0.0247126293182,0.0
1510673101798168897,0.113934112549,0.024994764328,0.0
1510673101801592111,0.113097503662,0.0252850074768,0.0
1510673101807991027,0.116557647705,0.0244080448151,0.0
1510673101811443090,0.119835296631,0.0236513843536,0.0
1510673101823582887,0.122931762695,0.0229543037415,0.0
1510673101827481985,0.121297393799,0.0230437068939,0.0
1510673101828715085,0.119818756104,0.0231195640564,0.0
1510673101831444025,0.118476959229,0.0230417709351,0.0
1510673101839071035,0.11912298584,0.0227692279816,0.0
1510673101843200922,0.119808135986,0.0225188293457,0.0
1510673101850336074,0.119764190674,0.0223832473755,0.0
1510673101854490995,0.118940643311,0.0238094348907,0.0
1510673101857696056,0.118255310059,0.0250207748413,0.0
1510673101863190889,0.117504486084,0.0261237869263,0.0
1510673101867345094,0.116803466797,0.0271586055756,0.0
1510673101872116088,0.116417785645,0.0271366939545,0.0
1510673101883075952,0.11609173584,0.0270555400848,0.0
1510673101884313106,0.115861999512,0.0269110870361,0.0
1510673101887501001,0.115279083252,0.0270682125092,0.0
1510673101894320964,0.114433654785,0.0271585178375,0.0
1510673101896578073,0.113668762207,0.0273574199677,0.0
1510673101901667118,0.116298034668,0.0264868755341,0.0
1510673101911457061,0.118788970947,0.0256462497711,0.0
1510673101917566061,0.121139801025,0.0248106231689,0.0
1510673101919080972,0.120502349854,0.024290687561,0.0
1510673101922386884,0.120026763916,0.0239498806,0.0
1510673101928026914,0.119450439453,0.0234527759552,0.0
1510673101932157993,0.119035308838,0.0230839366913,0.0
1510673101942090034,0.118621368408,0.022715215683,0.0
1510673101948829889,0.118217163086,0.022417634964,0.0
1510673101948935985,0.11793145752,0.0224222221375,0.0
1510673101951566934,0.116971038818,0.0224233093262,0.0
1510673101957683086,0.116130279541,0.0224987392426,0.0
1510673101966613054,0.115510498047,0.0224728527069,0.0
1510673101969315052,0.115897155762,0.0216835365295,0.0
1510673101973026990,0.115939788818,0.0211525592804,0.0
1510673101979976892,0.115998474121,0.0205609951019,0.0
1510673101982991933,0.114828765869,0.020918888092,0.0
1510673101992153882,0.113859985352,0.0211613388062,0.0
1510673101992835998,0.112838897705,0.0213487167358,0.0
1510673101996958017,0.111914367676,0.0215407543182,0.0
1510673102004880905,0.115546569824,0.0206385574341,0.0
1510673102007093906,0.118701843262,0.0198266201019,0.0
1510673102012624025,0.121650878906,0.0190901432037,0.0
1510673102022639989,0.120580535889,0.0183518447876,0.0
1510673102022958993,0.119714385986,0.0176864871979,0.0
1510673102028178930,0.118963745117,0.0170947704315,0.0
1510673102036053895,0.117635101318,0.0174683837891,0.0
1510673102037134885,0.116499572754,0.0179469184875,0.0
1510673102042179107,0.115369415283,0.0183224563599,0.0
1510673102049940109,0.115049865723,0.0176539554596,0.0
1510673102054464101,0.114723114014,0.0171108379364,0.0
1510673102057437896,0.114468017578,0.0164347629547,0.0
1510673102061398983,0.113795135498,0.0159983386993,0.0
1510673102067774057,0.113248596191,0.0156193084717,0.0
1510673102077116012,0.112710693359,0.0151656856537,0.0
1510673102079349994,0.112278106689,0.0149510879517,0.0
1510673102082068920,0.114972106934,0.0147726221085,0.0
1510673102091624975,0.117589508057,0.014736823082,0.0
1510673102095082044,0.119795440674,0.0146262254715,0.0
1510673102098666906,0.117462890625,0.0137266836166,0.0
1510673102105421066,0.11546206665,0.0130972251892,0.0
1510673102107804059,0.113611694336,0.0123649597168,0.0
1510673102114068031,0.112975982666,0.0120716876984,0.0
1510673102120099067,0.112242584229,0.0118057994843,0.0
1510673102133090972,0.111535125732,0.0114565830231,0.0
1510673102138797998,0.110770355225,0.0113042221069,0.0
1510673102142693996,0.111151519775,0.00988349914551,0.0
1510673102142915964,0.111590515137,0.00851105213165,0.0
1510673102144260883,0.112014648437,0.00727228355408,0.0
1510673102148961067,0.113407409668,0.00716564893723,0.0
1510673102157844066,0.114580383301,0.00723688030243,0.0
1510673102158338069,0.115656311035,0.00735708427429,0.0
1510673102162189006,0.116174041748,0.00673389816284,0.0
1510673102171616077,0.116255157471,0.00593797826767,0.0
1510673102174319982,0.116643829346,0.00525840854645,0.0
1510673102180495023,0.122417510986,0.00305802249908,0.0
1510673102195899963,0.127643127441,0.00117311406136,0.0
1510673102196672916,0.1323175354,-0.000480123817921,0.0
1510673102196986913,0.1305050354,-0.0014870685339,0.0
1510673102198071002,0.128922180176,-0.00233019375801,0.0
1510673102204319953,0.127343261719,-0.00332871007919,0.0
1510673102210973978,0.125874511719,-0.00495314407349,0.0
1510673102217936038,0.124479675293,-0.00638070726395,0.0
1510673102218457937,0.123314575195,-0.0076774315834,0.0
1510673102222805976,0.122281158447,-0.00870018863678,0.0
1510673102227718114,0.120090393066,-0.00790124130249,0.0
1510673102232280015,0.118274261475,-0.00702400588989,0.0
1510673102244065046,0.116593597412,-0.00629098367691,0.0
1510673102245354890,0.117833099365,-0.00821782016754,0.0
1510673102247689962,0.118356201172,-0.0102391901016,0.0
1510673102256030082,0.119349243164,-0.0119247245789,0.0
1510673102260314941,0.12139151001,-0.013279258728,0.0
1510673102264192104,0.12306854248,-0.0143399181366,0.0
1510673102268790006,0.124696746826,-0.0152553682327,0.0
1510673102278676986,0.125963653564,-0.0159003210068,0.0
1510673102280112028,0.125364349365,-0.0156510400772,0.0
1510673102283211946,0.12481451416,-0.0156177110672,0.0
1510673102287983894,0.124395172119,-0.0154331264496,0.0
1510673102292468070,0.123840301514,-0.0169341487885,0.0
1510673102304162025,0.123087036133,-0.0181333351135,0.0
1510673102310379028,0.122434875488,-0.0192303924561,0.0
1510673102317348003,0.120930328369,-0.0195837516785,0.0
1510673102318468093,0.119601531982,-0.0197427768707,0.0
1510673102318612098,0.118569396973,-0.0199429931641,0.0
1510673102322825908,0.118082519531,-0.0212452545166,0.0
1510673102328948974,0.117711456299,-0.0223461971283,0.0
1510673102333260059,0.117318206787,-0.0235843753815,0.0
1510673102337790966,0.117373809814,-0.0253734722137,0.0
1510673102347071886,0.117370758057,-0.0270553436279,0.0
1510673102350266933,0.117288421631,-0.0285328483582,0.0
1510673102354887962,0.117214599609,-0.029629442215,0.0
1510673102358037948,0.120961242676,-0.0314982814789,0.0
1510673102365087985,0.124344238281,-0.0330560722351,0.0
1510673102367968082,0.12756262207,-0.034333984375,0.0
1510673102379101991,0.127974975586,-0.0345815238953,0.0
1510673102380860090,0.128242218018,-0.0347215690613,0.0
1510673102383174896,0.128504760742,-0.034944480896,0.0
1510673102388358116,0.131160491943,-0.0367120323181,0.0
1510673102394186973,0.13356918335,-0.0381985969543,0.0
1510673102400058031,0.135659637451,-0.0396972732544,0.0
1510673102407999992,0.134845855713,-0.0397775344849,0.0
1510673102416230916,0.133694976807,-0.0400710678101,0.0
1510673102416595935,0.132940887451,-0.0402351951599,0.0
1510673102418386936,0.132224090576,-0.0400965385437,0.0
1510673102423713922,0.13071307373,-0.040651260376,0.0
1510673102428178071,0.129361297607,-0.0410350837708,0.0
1510673102433585882,0.12816192627,-0.0413982582092,0.0
1510673102447313070,0.128756195068,-0.0402899246216,0.0
1510673102447858095,0.129229919434,-0.0390760154724,0.0
1510673102448676109,0.129820892334,-0.0379833984375,0.0
1510673102455228090,0.127500610352,-0.0384134140015,0.0
1510673102459197044,0.125352783203,-0.0389300384521,0.0
1510673102463828086,0.123485748291,-0.0393947105408,0.0
1510673102469340085,0.121196105957,-0.0391540603638,0.0
1510673102474231958,0.11908605957,-0.0388323822021,0.0
1510673102478980064,0.117240600586,-0.0384132041931,0.0
1510673102485285997,0.115494598389,-0.0380382995605,0.0
1510673102490225076,0.115691009521,-0.0385763587952,0.0
1510673102495727062,0.115588287354,-0.0390748748779,0.0
1510673102504931926,0.115509674072,-0.0394749298096,0.0
1510673102506091117,0.115345794678,-0.0401041412354,0.0
1510673102511059045,0.115030609131,-0.0406407737732,0.0
1510673102512923955,0.114704589844,-0.0411274147034,0.0
1510673102518449068,0.112978515625,-0.0414311180115,0.0
1510673102527060985,0.111538909912,-0.0416838302612,0.0
1510673102531843900,0.108702819824,-0.0417828712463,0.0
1510673102534224987,0.109606048584,-0.0415872459412,0.0
1510673102540477037,0.11038269043,-0.0413326683044,0.0
1510673102543618917,0.111061645508,-0.0412268981934,0.0
1510673102548465967,0.111755706787,-0.0411211166382,0.0
1510673102554518938,0.109836975098,-0.0411654205322,0.0
1510673102559185028,0.108207519531,-0.041052280426,0.0
1510673102564595937,0.10599307251,-0.0405696907043,0.0
1510673102568725109,0.104305480957,-0.0401335639954,0.0
1510673102580488920,0.102435272217,-0.0397557067871,0.0
1510673102580856084,0.100749481201,-0.0393771972656,0.0
1510673102585071086,0.0988211975098,-0.0387799568176,0.0
1510673102588032960,0.0970915527344,-0.03816040802,0.0
1510673102593007087,0.0956235351562,-0.0375558357239,0.0
1510673102601003885,0.0955926208496,-0.0381985397339,0.0
1510673102608380079,0.0955368347168,-0.0387233085632,0.0
1510673102609726905,0.0959166870117,-0.0393885002136,0.0
1510673102625591039,0.0980538330078,-0.0388543205261,0.0
1510673102628236055,0.100145294189,-0.0381685523987,0.0
1510673102638140916,0.101995635986,-0.0377328186035,0.0
1510673102638780117,0.103710479736,-0.0370716705322,0.0
1510673102642613887,0.103047973633,-0.0369343566895,0.0
1510673102643408060,0.102391082764,-0.0367673683167,0.0
1510673102646559953,0.101834442139,-0.0365193901062,0.0
1510673102655941963,0.101170684814,-0.0363877868652,0.0
1510673102657922983,0.100027526855,-0.0353256416321,0.0
1510673102661087989,0.0988364562988,-0.0346370239258,0.0
1510673102666598081,0.096451965332,-0.0341743431091,0.0
1510673102669719934,0.0943134460449,-0.0337941398621,0.0
1510673102674139976,0.0924543457031,-0.0334460258484,0.0
1510673102679079055,0.0890451965332,-0.0330255088806,0.0
1510673102682869911,0.0858478393555,-0.0327356147766,0.0
1510673102690973997,0.0827108764648,-0.0324106788635,0.0
1510673102701267004,0.0801675415039,-0.0321472167969,0.0
1510673102701566934,0.0801069946289,-0.0312555332184,0.0
1510673102704138994,0.0801254882812,-0.0303866348267,0.0
1510673102711623907,0.0801350708008,-0.0296550273895,0.0
1510673102713793039,0.0841198730469,-0.0276752967834,0.0
1510673102730413913,0.0874766235352,-0.0259081039429,0.0
1510673102736135005,0.090504486084,-0.0242730808258,0.0
1510673102736855983,0.0870880737305,-0.0235427074432,0.0
1510673102737843990,0.0859804077148,-0.0236852836609,0.0
1510673102743788957,0.0851568603516,-0.0239584407806,0.0
1510673102745064973,0.0892619628906,-0.0243126125336,0.0
1510673102754152059,0.09298828125,-0.0245730800629,0.0
1510673102755675077,0.0963523864746,-0.0248026809692,0.0
1510673102763772964,0.0931679992676,-0.0237414283752,0.0
1510673102767390966,0.0902827758789,-0.0229673748016,0.0
1510673102771887063,0.0880524902344,-0.0223788414001,0.0
1510673102774506092,0.0856557617188,-0.0216545963287,0.0
1510673102778328895,0.0889193115234,-0.019819065094,0.0
1510673102783854961,0.0917795410156,-0.0180166702271,0.0
1510673102789005041,0.0943761901855,-0.0165186328888,0.0
1510673102794372081,0.091735168457,-0.0151873636246,0.0
1510673102801747083,0.0891668701172,-0.0141363115311,0.0
1510673102805937051,0.0871229248047,-0.0131184978485,0.0
1510673102812166929,0.083630065918,-0.012032781601,0.0
1510673102815807104,0.0798673706055,-0.0106179018021,0.0
1510673102819827079,0.0765872802734,-0.00935377883911,0.0
1510673102827075958,0.0757684936523,-0.00867871570587,0.0
1510673102830884933,0.0752359008789,-0.00804637622833,0.0
1510673102834032058,0.0744638671875,-0.00743226385117,0.0
1510673102838859081,0.0740091552734,-0.00704095220566,0.0
1510673102844429016,0.0755731201172,-0.00451491785049,0.0
1510673102850136041,0.077639831543,-0.00257251858711,0.0
1510673102856362104,0.0790764770508,-0.000467271447182,0.0
1510673102869755983,0.0793487548828,-0.000824271559715,0.0
1510673102872776985,0.0797470703125,-0.00125734257698,0.0
1510673102878657102,0.0799987792969,-0.00179101240635,0.0
1510673102879838943,0.0830322265625,-0.00126269447803,0.0
1510673102880693912,0.0857138671875,-0.000833254873753,0.0
1510673102886679887,0.0880365905762,-0.00016965085268,0.0
1510673102889405012,0.0905532836914,4.4772207737e-05,0.0
1510673102894893884,0.092438079834,0.000375365495682,0.0
1510673102900228023,0.0942663269043,0.000855567872524,0.0
1510673102904845952,0.0957684326172,0.00108348453045,0.0
1510673102909512996,0.0970674133301,0.00156292653084,0.0
1510673102914170980,0.0982569885254,0.00190623855591,0.0
1510673102921741008,0.0992733154297,0.00217766022682,0.0
1510673102928512096,0.0973671264648,0.00351947617531,0.0
1510673102933151006,0.0981077270508,0.00417257452011,0.0
1510673102939625978,0.0987142333984,0.00486528110504,0.0
1510673102939888954,0.0991664428711,0.00546824169159,0.0
1510673102943898916,0.098127746582,0.00699199199677,0.0
1510673102950407028,0.0973801879883,0.00843522548676,0.0
1510673102958091974,0.0992615356445,0.00994524478912,0.0
1510673102959861040,0.101212615967,0.0112446079254,0.0
1510673102971812963,0.102849578857,0.0124268465042,0.0
1510673102972229003,0.104334747314,0.0133171300888,0.0
1510673102977372884,0.109143035889,0.0148123207092,0.0
1510673102982511997,0.113273620605,0.0161495437622,0.0
1510673102985003948,0.117003753662,0.0173358421326,0.0
1510673102995237112,0.117741424561,0.0186171207428,0.0
1510673102997598886,0.118589263916,0.0196914768219,0.0
1510673103000082969,0.119478302002,0.0208280239105,0.0
1510673103004894018,0.120310546875,0.0218022899628,0.0
1510673103009521961,0.119979125977,0.0233094730377,0.0
1510673103016186952,0.119429260254,0.0245983791351,0.0
1510673103020791053,0.118021270752,0.0255355091095,0.0
1510673103025527954,0.116749847412,0.0265519485474,0.0
1510673103033036947,0.115700164795,0.0274593067169,0.0
1510673103034771919,0.114369384766,0.0292151756287,0.0
1510673103040142059,0.11323739624,0.0308688011169,0.0
1510673103045243978,0.112109863281,0.0322424545288,0.0
1510673103051985979,0.109656982422,0.0347172851562,0.0
1510673103055912971,0.112934906006,0.0371301841736,0.0
1510673103059607982,0.115843505859,0.0391291313171,0.0
1510673103066880941,0.11859564209,0.0410236968994,0.0
1510673103070858001,0.120603363037,0.0412328109741,0.0
1510673103074728012,0.122296325684,0.0414186782837,0.0
1510673103081525087,0.121664550781,0.0437833595276,0.0
1510673103083878993,0.120940460205,0.0457411994934,0.0
1510673103091752052,0.120514373779,0.0473473587036,0.0
1510673103095263957,0.119869018555,0.0489185218811,0.0
1510673103110491991,0.119160461426,0.050295124054,0.0
1510673103117085933,0.119153289795,0.05224584198,0.0
1510673103119925975,0.119005340576,0.0537840194702,0.0
1510673103121531009,0.119011993408,0.0551973953247,0.0
1510673103121788024,0.119040283203,0.0555526161194,0.0
1510673103125490903,0.119005187988,0.0557476348877,0.0
1510673103134099960,0.119094787598,0.0560619316101,0.0
1510673103138598918,0.120473083496,0.0559182128906,0.0
1510673103139425039,0.121890716553,0.0557782249451,0.0
1510673103144567966,0.123096405029,0.0556103630066,0.0
1510673103151030063,0.128008117676,0.0546189231873,0.0
1510673103159101009,0.132381774902,0.0539032859802,0.0
1510673103164066076,0.136220123291,0.053138633728,0.0
1510673103165492057,0.136201446533,0.0538397827148,0.0
1510673103170356035,0.137078186035,0.0543589096069,0.0
1510673103176074981,0.136938018799,0.0548909606934,0.0
1510673103180212974,0.139609161377,0.0554602279663,0.0
1510673103186209917,0.141866943359,0.0557987937927,0.0
1510673103196456909,0.143942687988,0.0561604232788,0.0
1510673103198163032,0.145675933838,0.0565318908691,0.0
1510673103206768989,0.145641693115,0.0561833572388,0.0
1510673103209021091,0.145628692627,0.0560695953369,0.0
1510673103221019983,0.145483093262,0.0557912483215,0.0
1510673103222306966,0.145010314941,0.0549590034485,0.0
1510673103222698926,0.144514282227,0.0542502555847,0.0
1510673103225091934,0.1441065979,0.053419960022,0.0
1510673103229923009,0.14577645874,0.0538484230042,0.0
1510673103237267017,0.147232391357,0.0541195449829,0.0
1510673103240972042,0.148703430176,0.0546059455872,0.0
1510673103246972084,0.146931488037,0.0553833885193,0.0
1510673103257189989,0.146059906006,0.0561330871582,0.0
1510673103257833957,0.144637329102,0.0566614456177,0.0
1510673103260936021,0.143352661133,0.0569098091125,0.0
1510673103265284061,0.146740966797,0.0577079582214,0.0
1510673103269996881,0.149668762207,0.0584009132385,0.0
1510673103276458024,0.152380981445,0.0590985794067,0.0
1510673103283945083,0.152945983887,0.0591991500854,0.0
1510673103284374952,0.153475524902,0.0591165542603,0.0
1510673103290559053,0.154044708252,0.0591438331604,0.0
1510673103302648067,0.155463928223,0.0588136978149,0.0
1510673103304024934,0.156697509766,0.0586755142212,0.0
1510673103305418014,0.157649597168,0.0583371925354,0.0
1510673103310039997,0.156850494385,0.0580887680054,0.0
1510673103314965963,0.156175964355,0.0579006156921,0.0
1510673103322797060,0.155547210693,0.0577513313293,0.0
1510673103328171968,0.155027282715,0.0578762130737,0.0
1510673103331048011,0.156563201904,0.0580431632996,0.0
1510673103335587978,0.158125213623,0.0580855178833,0.0
1510673103341053962,0.15948638916,0.0580242767334,0.0
1510673103350490093,0.158765716553,0.0583223190308,0.0
1510673103351329088,0.158122283936,0.0584894256592,0.0
1510673103362163066,0.157464447021,0.0586239776611,0.0
1510673103362333059,0.157507141113,0.0564889678955,0.0
1510673103366133928,0.157422027588,0.0546196975708,0.0
1510673103371706962,0.157285858154,0.0531324272156,0.0
1510673103375668048,0.157966369629,0.0525955162048,0.0
1510673103383887052,0.158514068604,0.0520670585632,0.0
1510673103386890888,0.159099517822,0.0514735107422,0.0
1510673103390563011,0.159613739014,0.0509358711243,0.0
1510673103399537086,0.163618164062,0.0505619316101,0.0
1510673103400325059,0.167152862549,0.0501821365356,0.0
1510673103404520988,0.170258850098,0.0498092269897,0.0
1510673103410444021,0.169843414307,0.0497068595886,0.0
1510673103417257070,0.169606536865,0.0496488647461,0.0
1510673103427162885,0.169268615723,0.0498254776001,0.0
1510673103427607059,0.168222076416,0.0511866569519,0.0
1510673103431058883,0.167152069092,0.052243812561,0.0
1510673103435648918,0.16622479248,0.0531667327881,0.0
1510673103442518949,0.167155517578,0.0541674842834,0.0
1510673103451103925,0.167860107422,0.0552117271423,0.0
1510673103451451063,0.168086517334,0.0559248085022,0.0
1510673103456289052,0.164646697998,0.0549942588806,0.0
1510673103460763931,0.161602478027,0.0542194976807,0.0
1510673103465709924,0.158904937744,0.0535395240784,0.0
1510673103473109960,0.157747161865,0.0536518669128,0.0
1510673103477688074,0.156896179199,0.0537012214661,0.0
1510673103481189966,0.155990539551,0.0536700553894,0.0
1510673103488423109,0.155419036865,0.053566986084,0.0
1510673103492767095,0.156257385254,0.0522499275208,0.0
1510673103499567985,0.158146606445,0.0512987976074,0.0
1510673103500947952,0.159964813232,0.0505309028625,0.0
1510673103505747079,0.160762573242,0.048638885498,0.0
1510673103512006044,0.161651672363,0.0470352096558,0.0
1510673103515918970,0.162181060791,0.0456613388062,0.0
1510673103523463964,0.161454223633,0.0454185562134,0.0
1510673103526406049,0.160821563721,0.0452849769592,0.0
1510673103531893014,0.158309448242,0.0445727081299,0.0
1510673103535546064,0.159371826172,0.0441882362366,0.0
1510673103545738935,0.159981170654,0.0439824714661,0.0
1510673103547923088,0.160618347168,0.0438151130676,0.0
1510673103555264949,0.161189819336,0.0436019287109,0.0
1510673103557179927,0.156987060547,0.0434223480225,0.0
1510673103560470104,0.153463684082,0.0430313148499,0.0
1510673103565789937,0.150061004639,0.0427434997559,0.0
1510673103570590019,0.150101654053,0.0418604888916,0.0
1510673103575576066,0.150410614014,0.0412197036743,0.0
1510673103580832958,0.150737121582,0.0407742805481,0.0
1510673103586460113,0.153154968262,0.0401142158508,0.0
1510673103591798067,0.15523135376,0.0396373443604,0.0
1510673103608251094,0.157220275879,0.0390614242554,0.0
1510673103615689039,0.158894622803,0.0385338363647,0.0
1510673103620003938,0.156615478516,0.0371827316284,0.0
1510673103621869087,0.155101959229,0.0360377540588,0.0
1510673103623557090,0.153295593262,0.0349216842651,0.0
1510673103626250028,0.153979522705,0.0342715682983,0.0
1510673103634254932,0.154537567139,0.0336909484863,0.0
1510673103634654045,0.155083526611,0.0333536720276,0.0
1510673103636892080,0.153096984863,0.0325414657593,0.0
1510673103646596908,0.151266174316,0.0316353378296,0.0
1510673103650665044,0.149551422119,0.0308585357666,0.0
1510673103651609897,0.150219177246,0.0296970176697,0.0
1510673103658232927,0.150710784912,0.0287382564545,0.0
1510673103660983085,0.15116003418,0.0278879547119,0.0
1510673103666357040,0.146685791016,0.0263722229004,0.0
1510673103673285961,0.142754852295,0.0251978378296,0.0
1510673103676362991,0.13913482666,0.0239670963287,0.0
1510673103681492090,0.139185699463,0.0252153358459,0.0
1510673103685374021,0.139106170654,0.0262217254639,0.0
1510673103691679000,0.137933776855,0.0268790168762,0.0
1510673103696866989,0.138714324951,0.0257008209229,0.0
1510673103701621055,0.139415405273,0.0245639591217,0.0
1510673103717907905,0.140314758301,0.0235176181793,0.0
1510673103718324899,0.140509368896,0.0224152297974,0.0
1510673103720510959,0.140741912842,0.0212702312469,0.0
1510673103724086046,0.140749481201,0.0204483909607,0.0
1510673103725598096,0.140554656982,0.0196663722992,0.0
1510673103731713056,0.136943847656,0.0184456348419,0.0
1510673103736411094,0.133906433105,0.0175032062531,0.0
1510673103749048948,0.131346466064,0.016459192276,0.0
1510673103749243974,0.129696990967,0.0156181755066,0.0
1510673103752362966,0.128214050293,0.0146801872253,0.0
1510673103756535053,0.126924468994,0.0139871635437,0.0
1510673103766870021,0.126374328613,0.0139266347885,0.0
1510673103767148017,0.125915313721,0.0137225437164,0.0
1510673103772823095,0.125969421387,0.0137986946106,0.0
1510673103780055999,0.125667388916,0.0136104450226,0.0
1510673103782221078,0.123417480469,0.0124341259003,0.0
1510673103786246061,0.121285583496,0.0113231248856,0.0
1510673103792264938,0.119288818359,0.0102578363419,0.0
1510673103795919895,0.117300201416,0.00881934642792,0.0
1510673103804564952,0.115548492432,0.00742596960068,0.0
1510673103809825897,0.114191375732,0.00634488487244,0.0
1510673103813570976,0.114949645996,0.00477822780609,0.0
1510673103818907976,0.115451965332,0.00332149744034,0.0
1510673103822252035,0.115966705322,0.0022021086216,0.0
1510673103826729059,0.114690063477,0.00286741471291,0.0
1510673103834141969,0.113540893555,0.00358781051636,0.0
1510673103837892055,0.112583831787,0.00416276884079,0.0
1510673103841033935,0.111651306152,0.00454715824127,0.0
1510673103846473932,0.111655212402,0.00267096328735,0.0
1510673103852504014,0.111693908691,0.00103255784512,0.0
1510673103856465101,0.111437957764,-0.000356668293476,0.0
1510673103865318059,0.111807128906,-1.2551560998e-05,0.0
1510673103868546962,0.11225100708,0.000350585252047,0.0
1510673103871628999,0.112797729492,0.000719623804092,0.0
1510673103876923084,0.111682861328,0.000308560878038,0.0
1510673103881686925,0.110775878906,-5.12933023274e-05,0.0
1510673103888200998,0.1100887146,-0.000493774265051,0.0
1510673103892122983,0.107048400879,-0.000434911370277,0.0
1510673103898592948,0.106518188477,-0.000167234778404,0.0
1510673103901005029,0.106023345947,0.000294836401939,0.0
1510673103906569957,0.10546963501,-0.000938807606697,0.0
1510673103918162107,0.105091644287,-0.00206426858902,0.0
1510673103922949075,0.104818695068,-0.00301541852951,0.0
1510673103931616067,0.103053405762,-0.00326803302765,0.0
1510673103933088064,0.102273345947,-0.00280664563179,0.0
1510673103937237977,0.102857055664,-0.00356460285187,0.0
1510673103953241109,0.103549865723,-0.00423205375671,0.0
1510673103958806037,0.104271392822,-0.00481614255905,0.0
1510673103959181070,0.105081176758,-0.00511495733261,0.0
1510673103959367990,0.105909118652,-0.00452658748627,0.0
1510673103966173887,0.106780426025,-0.0038898267746,0.0
1510673103968796968,0.10734362793,-0.00337736368179,0.0
1510673103974500894,0.106374603271,-0.00259766244888,0.0
1510673103978014945,0.105011535645,-0.00183240818977,0.0
1510673103985313892,0.103821563721,-0.00132397735119,0.0
1510673103986746072,0.102947113037,-0.000865050315857,0.0
1510673103993326902,0.102018859863,-0.000456621289253,0.0
1510673104001507997,0.101204071045,-5.31747043133e-05,0.0
1510673104009042024,0.100165863037,0.000342186957598,0.0
1510673104010349035,0.100578613281,-0.000206699952483,0.0
1510673104021898984,0.10180291748,-0.000689371287823,0.0
1510673104023066043,0.102258087158,-0.00125889778137,0.0
1510673104024343967,0.105003143311,-0.00259875249863,0.0
1510673104033524990,0.10726361084,-0.00365181303024,0.0
1510673104036932945,0.109423339844,-0.004705473423,0.0
1510673104040747880,0.112408599854,-0.00475031757355,0.0
1510673104043741941,0.115180725098,-0.00485529184341,0.0
1510673104047508955,0.117600952148,-0.00483620452881,0.0
1510673104056087970,0.119968994141,-0.00451562976837,0.0
1510673104056463956,0.118477813721,-0.00493451690674,0.0
